Iteration,0,1,4.031429,1.508132
Iteration,0,2,5.531934,1.500505
Iteration,0,3,6.976835,1.444901
Iteration,0,4,8.421877,1.445042
Iteration,0,5,9.830789,1.408912
Iteration,0,6,11.260533,1.429744
Iteration,0,7,12.656341,1.395808
Iteration,0,8,14.027033,1.370692
Iteration,0,9,15.444216,1.417183
Iteration,0,10,16.832428,1.388212
Iteration,0,11,18.257019,1.424591
Iteration,0,12,19.626134,1.369115
Iteration,0,13,21.011839,1.385705
Iteration,0,14,22.382387,1.370548
Iteration,0,15,23.800919,1.418532
Iteration,0,16,25.168124,1.367205
Iteration,0,17,26.553990,1.385866
Iteration,0,18,27.924106,1.370116
Iteration,0,19,29.341590,1.417484
Iteration,0,20,30.708403,1.366813
Iteration,0,21,32.099262,1.390859
Iteration,0,22,33.471275,1.372013
Iteration,0,23,34.830031,1.358756
Iteration,0,24,36.251558,1.421527
Iteration,0,25,37.622854,1.371296
Iteration,0,26,39.023558,1.400704
Iteration,0,27,40.427922,1.404364
Iteration,0,28,41.798916,1.370994
Iteration,0,29,43.158055,1.359139
Iteration,0,30,44.520322,1.362267
Iteration,0,31,45.939003,1.418681
Iteration,0,32,47.309453,1.370450
Iteration,0,33,48.670663,1.361210
Iteration,0,34,50.057298,1.386635
Iteration,0,35,51.439850,1.382552
Iteration,0,36,52.801346,1.361496
Iteration,0,37,54.160309,1.358963
Iteration,0,38,55.575714,1.415405
Iteration,0,39,56.942281,1.366567
Iteration,0,40,58.300892,1.358611
Iteration,0,41,59.660533,1.359641
Iteration,0,42,61.053062,1.392529
Iteration,0,43,62.423804,1.370742
Iteration,0,44,63.782680,1.358876
Iteration,0,45,65.141559,1.358879
Iteration,0,46,66.500563,1.359004
Iteration,0,47,67.922767,1.422204
Iteration,0,48,69.302366,1.379599
Iteration,0,49,70.694460,1.392094
Iteration,0,50,72.053931,1.359471
Iteration,0,51,73.414245,1.360314
Iteration,0,52,74.825398,1.411153
Iteration,0,53,76.221300,1.395902
Iteration,0,54,77.580102,1.358802
Iteration,0,55,78.939507,1.359405
Iteration,0,56,80.299360,1.359853
Iteration,0,57,81.664520,1.365160
Iteration,0,58,83.086517,1.421997
Iteration,0,59,84.453260,1.366743
Iteration,0,60,85.812367,1.359107
Iteration,0,61,87.171342,1.358975
Iteration,0,62,88.531250,1.359908
Iteration,0,63,89.890815,1.359565
Iteration,0,64,91.278239,1.387424
Iteration,0,65,92.649141,1.370902
Iteration,0,66,94.037117,1.387976
Iteration,0,67,95.425077,1.387960
Iteration,0,68,96.784143,1.359066
Iteration,0,69,98.162079,1.377936
Iteration,0,70,99.562512,1.400433
Iteration,0,71,100.985730,1.423218
Iteration,0,72,102.352951,1.367221
Iteration,0,73,103.711904,1.358953
Iteration,0,74,105.072608,1.360704
Iteration,0,75,106.448051,1.375443
Iteration,0,76,107.807022,1.358971
Iteration,0,77,109.165685,1.358663
Iteration,0,78,110.550556,1.384871
Iteration,0,79,111.921746,1.371190
Iteration,0,80,113.280313,1.358567
Iteration,0,81,114.639143,1.358830
Iteration,0,82,115.998017,1.358874
Iteration,0,83,117.356915,1.358898
Iteration,0,84,118.715487,1.358572
Iteration,0,85,120.074476,1.358989
Iteration,0,86,121.433439,1.358963
Iteration,0,87,122.849802,1.416363
Iteration,0,88,124.216442,1.366640
Iteration,0,89,125.574799,1.358357
Iteration,0,90,126.934053,1.359254
Iteration,0,91,128.293027,1.358974
Iteration,0,92,129.651761,1.358734
Iteration,0,93,131.010719,1.358958
Iteration,0,94,132.369662,1.358943
Iteration,0,95,133.728447,1.358785
Iteration,0,96,135.112692,1.384245
Iteration,0,97,136.483106,1.370414
Iteration,0,98,137.841736,1.358630
Iteration,0,99,139.200534,1.358798
Iteration,0,100,140.559540,1.359006
Iteration,0,101,141.918321,1.358781
Iteration,0,102,143.276884,1.358563
Iteration,0,103,144.635363,1.358479
Iteration,0,104,145.994008,1.358645
Iteration,0,105,147.352783,1.358775
Iteration,0,106,148.769122,1.416339
Iteration,0,107,150.135099,1.365977
Iteration,0,108,151.493697,1.358598
Iteration,0,109,152.852905,1.359208
Iteration,0,110,154.211450,1.358545
Iteration,0,111,155.570128,1.358678
Iteration,0,112,156.928648,1.358520
Iteration,0,113,158.287722,1.359074
Iteration,0,114,159.648076,1.360354
Iteration,0,115,161.006842,1.358766
Iteration,0,116,162.388786,1.381944
Iteration,0,117,163.759739,1.370953
Iteration,0,118,165.118507,1.358768
Iteration,0,119,166.477050,1.358543
Iteration,0,120,167.835776,1.358726
Iteration,0,121,169.194391,1.358615
Iteration,0,122,170.553591,1.359200
Iteration,0,123,171.912665,1.359074
Iteration,0,124,173.271168,1.358503
Iteration,0,125,174.629645,1.358477
Iteration,0,126,175.988385,1.358740
Iteration,0,127,177.358214,1.369829
Iteration,0,128,178.751341,1.393127
Iteration,0,129,180.169818,1.418477
Iteration,0,130,181.536230,1.366412
Iteration,0,131,182.894815,1.358585
Iteration,0,132,184.253859,1.359044
Iteration,0,133,185.612615,1.358756
Iteration,0,134,186.971127,1.358512
Iteration,0,135,188.330605,1.359478
Iteration,0,136,189.689149,1.358544
Iteration,0,137,191.047868,1.358719
Iteration,0,138,192.406388,1.358520
Iteration,0,139,193.773121,1.366733
Iteration,0,140,195.173025,1.399904
Iteration,0,141,196.574690,1.401665
Iteration,0,142,197.945318,1.370628
Iteration,0,143,199.303700,1.358382
Iteration,0,144,200.662941,1.359241
Iteration,0,145,202.051730,1.388789
Iteration,0,146,203.425812,1.374082
Iteration,0,147,204.784804,1.358992
Iteration,0,148,206.143212,1.358408
Iteration,0,149,207.501805,1.358593
Iteration,0,150,208.860291,1.358486
Iteration,0,151,210.218641,1.358350
Iteration,0,152,211.577575,1.358934
Iteration,0,153,212.936567,1.358992
Iteration,0,154,214.295164,1.358597
Iteration,0,155,215.653969,1.358805
Iteration,0,156,217.074038,1.420069
Iteration,0,157,218.455712,1.381674
Iteration,0,158,219.849164,1.393452
Iteration,0,159,221.207935,1.358771
Iteration,0,160,222.566209,1.358274
Iteration,0,161,223.924922,1.358713
Iteration,0,162,225.283412,1.358490
Iteration,0,163,226.641930,1.358518
Iteration,0,164,228.000547,1.358617
Iteration,0,165,229.359122,1.358575
Iteration,0,166,230.718300,1.359178
Iteration,0,167,232.077120,1.358820
Iteration,0,168,233.435571,1.358451
Iteration,0,169,234.799627,1.364056
Iteration,0,170,236.158458,1.358831
Iteration,0,171,237.545720,1.387262
Iteration,0,172,238.916217,1.370497
Iteration,0,173,240.274804,1.358587
Iteration,0,174,241.633450,1.358646
Iteration,0,175,242.992477,1.359027
Iteration,0,176,244.351205,1.358728
Iteration,0,177,245.709654,1.358449
Iteration,0,178,247.068527,1.358873
Iteration,0,179,248.427396,1.358869
Iteration,0,180,249.786145,1.358749
Iteration,0,181,251.145078,1.358933
Iteration,0,182,252.503685,1.358607
Iteration,0,183,253.862546,1.358861
Iteration,0,184,255.221222,1.358676
Iteration,0,185,256.579874,1.358652
Iteration,0,186,257.938178,1.358304
Iteration,0,187,259.296591,1.358413
Iteration,0,188,260.655633,1.359042
Iteration,0,189,262.070199,1.414566
Iteration,0,190,263.436506,1.366307
Iteration,0,191,264.795058,1.358552
Iteration,0,192,266.155094,1.360036
Iteration,0,193,267.512043,1.356949
Iteration,0,194,268.891554,1.379511
Iteration,0,195,270.253113,1.361559
Iteration,0,196,271.610630,1.357517
Iteration,0,197,272.970767,1.360137
Iteration,0,198,274.363814,1.393047
Iteration,0,199,275.721148,1.357334
