Iteration,0,1,1.447661,0.398331
Iteration,0,2,1.843085,0.395424
Iteration,0,3,2.238668,0.395583
Iteration,0,4,2.634386,0.395718
Iteration,0,5,3.036750,0.402364
Iteration,0,6,3.433530,0.396780
Iteration,0,7,3.834150,0.400620
Iteration,0,8,4.230024,0.395874
Iteration,0,9,4.625925,0.395901
Iteration,0,10,5.023927,0.398002
Iteration,0,11,5.421159,0.397232
Iteration,0,12,5.817720,0.396561
Iteration,0,13,6.213499,0.395779
Iteration,0,14,6.608584,0.395085
Iteration,0,15,7.003593,0.395009
Iteration,0,16,7.399903,0.396310
Iteration,0,17,7.795316,0.395413
Iteration,0,18,8.190471,0.395155
Iteration,0,19,8.585163,0.394692
Iteration,0,20,8.981072,0.395909
Iteration,0,21,9.376285,0.395213
Iteration,0,22,9.771499,0.395214
Iteration,0,23,10.168297,0.396798
Iteration,0,24,10.563023,0.394726
Iteration,0,25,10.960647,0.397624
Iteration,0,26,11.357402,0.396755
Iteration,0,27,11.754187,0.396785
Iteration,0,28,12.150114,0.395927
Iteration,0,29,12.546669,0.396555
Iteration,0,30,12.943468,0.396799
Iteration,0,31,13.344037,0.400569
Iteration,0,32,13.743079,0.399042
Iteration,0,33,14.139054,0.395975
Iteration,0,34,14.534652,0.395598
Iteration,0,35,14.930030,0.395378
Iteration,0,36,15.326720,0.396690
Iteration,0,37,15.723713,0.396993
Iteration,0,38,16.118189,0.394476
Iteration,0,39,16.513936,0.395747
Iteration,0,40,16.910575,0.396639
Iteration,0,41,17.306166,0.395591
Iteration,0,42,17.705456,0.399290
Iteration,0,43,18.100702,0.395246
Iteration,0,44,18.495984,0.395282
Iteration,0,45,18.892980,0.396996
Iteration,0,46,19.292485,0.399505
Iteration,0,47,19.690750,0.398265
Iteration,0,48,20.088823,0.398073
Iteration,0,49,20.484835,0.396012
Iteration,0,50,20.880406,0.395571
Iteration,0,51,21.276873,0.396467
Iteration,0,52,21.673050,0.396177
Iteration,0,53,22.068830,0.395780
Iteration,0,54,22.465530,0.396700
Iteration,0,55,22.862967,0.397437
Iteration,0,56,23.266871,0.403904
Iteration,0,57,23.663755,0.396884
Iteration,0,58,24.061930,0.398175
Iteration,0,59,24.457764,0.395834
Iteration,0,60,24.854495,0.396731
Iteration,0,61,25.251720,0.397225
Iteration,0,62,25.649398,0.397678
Iteration,0,63,26.045009,0.395611
Iteration,0,64,26.440278,0.395269
Iteration,0,65,26.836288,0.396010
Iteration,0,66,27.232459,0.396171
Iteration,0,67,27.629006,0.396547
Iteration,0,68,28.024432,0.395426
Iteration,0,69,28.420563,0.396131
Iteration,0,70,28.816619,0.396056
Iteration,0,71,29.214301,0.397682
Iteration,0,72,29.609853,0.395552
Iteration,0,73,30.006873,0.397020
Iteration,0,74,30.403374,0.396501
Iteration,0,75,30.800938,0.397564
Iteration,0,76,31.196139,0.395201
Iteration,0,77,31.593631,0.397492
Iteration,0,78,31.989477,0.395846
Iteration,0,79,32.385209,0.395732
Iteration,0,80,32.781280,0.396071
Iteration,0,81,33.177474,0.396194
Iteration,0,82,33.574956,0.397482
Iteration,0,83,33.971595,0.396639
Iteration,0,84,34.368065,0.396470
Iteration,0,85,34.764512,0.396447
Iteration,0,86,35.160517,0.396005
Iteration,0,87,35.556587,0.396070
Iteration,0,88,35.953122,0.396535
Iteration,0,89,36.350349,0.397227
Iteration,0,90,36.747952,0.397603
Iteration,0,91,37.144827,0.396875
Iteration,0,92,37.539876,0.395049
Iteration,0,93,37.936784,0.396908
Iteration,0,94,38.333589,0.396805
Iteration,0,95,38.729223,0.395634
Iteration,0,96,39.125641,0.396418
Iteration,0,97,39.523106,0.397465
Iteration,0,98,39.920328,0.397222
Iteration,0,99,40.315558,0.395230
Iteration,0,100,40.710804,0.395246
Iteration,0,101,41.106571,0.395767
Iteration,0,102,41.505892,0.399321
Iteration,0,103,41.903307,0.397415
Iteration,0,104,42.300681,0.397374
Iteration,0,105,42.697975,0.397294
Iteration,0,106,43.097853,0.399878
Iteration,0,107,43.499584,0.401731
Iteration,0,108,43.900035,0.400451
Iteration,0,109,44.297025,0.396990
Iteration,0,110,44.693965,0.396940
Iteration,0,111,45.090801,0.396836
Iteration,0,112,45.490855,0.400054
Iteration,0,113,45.886879,0.396024
Iteration,0,114,46.282193,0.395314
Iteration,0,115,46.678980,0.396787
Iteration,0,116,47.075275,0.396295
Iteration,0,117,47.471783,0.396508
Iteration,0,118,47.870276,0.398493
Iteration,0,119,48.266308,0.396032
Iteration,0,120,48.662809,0.396501
Iteration,0,121,49.060246,0.397437
Iteration,0,122,49.457011,0.396765
Iteration,0,123,49.853455,0.396444
Iteration,0,124,50.249557,0.396102
Iteration,0,125,50.645757,0.396200
Iteration,0,126,51.040540,0.394783
Iteration,0,127,51.439554,0.399014
Iteration,0,128,51.835754,0.396200
Iteration,0,129,52.233308,0.397554
Iteration,0,130,52.630761,0.397453
Iteration,0,131,53.031622,0.400861
Iteration,0,132,53.430025,0.398403
Iteration,0,133,53.832766,0.402741
Iteration,0,134,54.230401,0.397635
Iteration,0,135,54.628601,0.398200
Iteration,0,136,55.024443,0.395842
Iteration,0,137,55.420504,0.396061
Iteration,0,138,55.816975,0.396471
Iteration,0,139,56.214782,0.397807
Iteration,0,140,56.611214,0.396432
Iteration,0,141,57.008179,0.396965
Iteration,0,142,57.403964,0.395785
Iteration,0,143,57.803793,0.399829
Iteration,0,144,58.199891,0.396098
Iteration,0,145,58.594714,0.394823
Iteration,0,146,58.990069,0.395355
Iteration,0,147,59.386729,0.396660
Iteration,0,148,59.784124,0.397395
Iteration,0,149,60.180537,0.396413
Iteration,0,150,60.576305,0.395768
Iteration,0,151,60.972861,0.396556
Iteration,0,152,61.370563,0.397702
Iteration,0,153,61.766699,0.396136
Iteration,0,154,62.164527,0.397828
Iteration,0,155,62.559644,0.395117
Iteration,0,156,62.957980,0.398336
Iteration,0,157,63.356332,0.398352
Iteration,0,158,63.757507,0.401175
Iteration,0,159,64.152908,0.395401
Iteration,0,160,64.547410,0.394502
Iteration,0,161,64.946006,0.398596
Iteration,0,162,65.342839,0.396833
Iteration,0,163,65.740043,0.397204
Iteration,0,164,66.141281,0.401238
Iteration,0,165,66.536776,0.395495
Iteration,0,166,66.932213,0.395437
Iteration,0,167,67.328497,0.396284
Iteration,0,168,67.726330,0.397833
Iteration,0,169,68.122099,0.395769
Iteration,0,170,68.517816,0.395717
Iteration,0,171,68.914028,0.396212
Iteration,0,172,69.311798,0.397770
Iteration,0,173,69.707478,0.395680
Iteration,0,174,70.104582,0.397104
Iteration,0,175,70.500005,0.395423
Iteration,0,176,70.895667,0.395662
Iteration,0,177,71.293387,0.397720
Iteration,0,178,71.688733,0.395346
Iteration,0,179,72.085258,0.396525
Iteration,0,180,72.481795,0.396537
Iteration,0,181,72.877476,0.395681
Iteration,0,182,73.277223,0.399747
Iteration,0,183,73.674957,0.397734
Iteration,0,184,74.071610,0.396653
Iteration,0,185,74.472577,0.400967
Iteration,0,186,74.869980,0.397403
Iteration,0,187,75.267731,0.397751
Iteration,0,188,75.664848,0.397117
Iteration,0,189,76.060469,0.395621
Iteration,0,190,76.455929,0.395460
Iteration,0,191,76.853149,0.397220
Iteration,0,192,77.250679,0.397530
Iteration,0,193,77.646393,0.395714
Iteration,0,194,78.042677,0.396284
Iteration,0,195,78.437594,0.394917
Iteration,0,196,78.834552,0.396958
Iteration,0,197,79.232805,0.398253
Iteration,0,198,79.628297,0.395492
Iteration,0,199,80.024939,0.396642
Iteration,0,200,80.421023,0.396084
Iteration,0,201,80.817475,0.396452
Iteration,0,202,81.212854,0.395379
Iteration,0,203,81.610502,0.397648
Iteration,0,204,82.008547,0.398045
Iteration,0,205,82.407417,0.398870
Iteration,0,206,82.805220,0.397803
Iteration,0,207,83.205495,0.400275
Iteration,0,208,83.600401,0.394906
Iteration,0,209,83.999806,0.399405
Iteration,0,210,84.395611,0.395805
Iteration,0,211,84.790969,0.395358
Iteration,0,212,85.188651,0.397682
Iteration,0,213,85.588209,0.399558
Iteration,0,214,85.984252,0.396043
Iteration,0,215,86.380465,0.396213
Iteration,0,216,86.777923,0.397458
Iteration,0,217,87.175917,0.397994
Iteration,0,218,87.571155,0.395238
Iteration,0,219,87.967424,0.396269
Iteration,0,220,88.364003,0.396579
Iteration,0,221,88.760666,0.396663
Iteration,0,222,89.157320,0.396654
Iteration,0,223,89.552994,0.395674
Iteration,0,224,89.949068,0.396074
Iteration,0,225,90.345849,0.396781
Iteration,0,226,90.742827,0.396978
Iteration,0,227,91.138713,0.395886
Iteration,0,228,91.535283,0.396570
Iteration,0,229,91.932104,0.396821
Iteration,0,230,92.326806,0.394702
Iteration,0,231,92.723283,0.396477
Iteration,0,232,93.119957,0.396674
Iteration,0,233,93.516373,0.396416
Iteration,0,234,93.915092,0.398719
Iteration,0,235,94.313512,0.398420
Iteration,0,236,94.708401,0.394889
Iteration,0,237,95.105018,0.396617
Iteration,0,238,95.505227,0.400209
Iteration,0,239,95.904660,0.399433
Iteration,0,240,96.300687,0.396027
Iteration,0,241,96.696502,0.395815
Iteration,0,242,97.091806,0.395304
Iteration,0,243,97.487876,0.396070
Iteration,0,244,97.884082,0.396206
Iteration,0,245,98.278922,0.394840
Iteration,0,246,98.675234,0.396312
Iteration,0,247,99.071387,0.396153
Iteration,0,248,99.468257,0.396870
Iteration,0,249,99.864068,0.395811
Iteration,0,250,100.259674,0.395606
Iteration,0,251,100.655035,0.395361
Iteration,0,252,101.051715,0.396680
Iteration,0,253,101.449294,0.397579
Iteration,0,254,101.846222,0.396928
Iteration,0,255,102.241854,0.395632
Iteration,0,256,102.636345,0.394491
Iteration,0,257,103.035600,0.399255
Iteration,0,258,103.432183,0.396583
Iteration,0,259,103.832457,0.400274
Iteration,0,260,104.230320,0.397863
Iteration,0,261,104.626048,0.395728
Iteration,0,262,105.021773,0.395725
Iteration,0,263,105.418416,0.396643
Iteration,0,264,105.814258,0.395842
Iteration,0,265,106.209831,0.395573
Iteration,0,266,106.605198,0.395367
Iteration,0,267,107.001595,0.396397
Iteration,0,268,107.397113,0.395518
Iteration,0,269,107.792759,0.395646
Iteration,0,270,108.188542,0.395783
Iteration,0,271,108.583854,0.395312
Iteration,0,272,108.980364,0.396510
Iteration,0,273,109.378089,0.397725
Iteration,0,274,109.773935,0.395846
Iteration,0,275,110.169450,0.395515
Iteration,0,276,110.564343,0.394893
Iteration,0,277,110.961254,0.396911
Iteration,0,278,111.359426,0.398172
Iteration,0,279,111.756271,0.396845
Iteration,0,280,112.153549,0.397278
Iteration,0,281,112.550674,0.397125
Iteration,0,282,112.949260,0.398586
Iteration,0,283,113.349515,0.400255
Iteration,0,284,113.748919,0.399404
Iteration,0,285,114.145177,0.396258
Iteration,0,286,114.543195,0.398018
Iteration,0,287,114.939503,0.396308
Iteration,0,288,115.335902,0.396399
Iteration,0,289,115.730339,0.394437
Iteration,0,290,116.127501,0.397162
Iteration,0,291,116.522141,0.394640
Iteration,0,292,116.917336,0.395195
Iteration,0,293,117.313297,0.395961
Iteration,0,294,117.708326,0.395029
Iteration,0,295,118.103144,0.394818
Iteration,0,296,118.499227,0.396083
Iteration,0,297,118.894092,0.394865
Iteration,0,298,119.292165,0.398073
Iteration,0,299,119.688036,0.395871
Iteration,0,300,120.083998,0.395962
Iteration,0,301,120.479130,0.395132
Iteration,0,302,120.874494,0.395364
Iteration,0,303,121.270547,0.396053
Iteration,0,304,121.670042,0.399495
Iteration,0,305,122.065593,0.395551
Iteration,0,306,122.462193,0.396600
Iteration,0,307,122.858195,0.396002
Iteration,0,308,123.258912,0.400717
Iteration,0,309,123.655155,0.396243
Iteration,0,310,124.053186,0.398031
Iteration,0,311,124.451654,0.398468
Iteration,0,312,124.847140,0.395486
Iteration,0,313,125.244225,0.397085
Iteration,0,314,125.639045,0.394820
Iteration,0,315,126.035497,0.396452
Iteration,0,316,126.431303,0.395806
Iteration,0,317,126.828339,0.397036
Iteration,0,318,127.224249,0.395910
Iteration,0,319,127.620291,0.396042
Iteration,0,320,128.016994,0.396703
Iteration,0,321,128.413229,0.396235
Iteration,0,322,128.808483,0.395254
Iteration,0,323,129.206060,0.397577
Iteration,0,324,129.601901,0.395841
Iteration,0,325,130.001050,0.399149
Iteration,0,326,130.397317,0.396267
Iteration,0,327,130.792880,0.395563
Iteration,0,328,131.187887,0.395007
Iteration,0,329,131.584455,0.396568
Iteration,0,330,131.983019,0.398564
Iteration,0,331,132.378681,0.395662
Iteration,0,332,132.775359,0.396678
Iteration,0,333,133.172614,0.397255
Iteration,0,334,133.568288,0.395674
Iteration,0,335,133.965474,0.397186
Iteration,0,336,134.360938,0.395464
Iteration,0,337,134.760768,0.399830
Iteration,0,338,135.155868,0.395100
Iteration,0,339,135.553167,0.397299
Iteration,0,340,135.948002,0.394835
Iteration,0,341,136.343415,0.395413
Iteration,0,342,136.739112,0.395697
Iteration,0,343,137.134924,0.395812
Iteration,0,344,137.531157,0.396233
Iteration,0,345,137.928307,0.397150
Iteration,0,346,138.322887,0.394580
Iteration,0,347,138.717421,0.394534
Iteration,0,348,139.113203,0.395782
Iteration,0,349,139.510046,0.396843
Iteration,0,350,139.906677,0.396631
Iteration,0,351,140.302438,0.395761
Iteration,0,352,140.698977,0.396539
Iteration,0,353,141.094218,0.395241
Iteration,0,354,141.490980,0.396762
Iteration,0,355,141.890373,0.399393
Iteration,0,356,142.287978,0.397605
Iteration,0,357,142.686598,0.398620
Iteration,0,358,143.085924,0.399326
Iteration,0,359,143.484833,0.398909
Iteration,0,360,143.885606,0.400773
Iteration,0,361,144.279570,0.393964
Iteration,0,362,144.676747,0.397177
Iteration,0,363,145.074301,0.397554
Iteration,0,364,145.470612,0.396311
Iteration,0,365,145.866285,0.395673
Iteration,0,366,146.262004,0.395719
Iteration,0,367,146.658744,0.396740
Iteration,0,368,147.055131,0.396387
Iteration,0,369,147.451990,0.396859
Iteration,0,370,147.847686,0.395696
Iteration,0,371,148.243355,0.395669
Iteration,0,372,148.637952,0.394597
Iteration,0,373,149.033307,0.395355
Iteration,0,374,149.429261,0.395954
Iteration,0,375,149.825791,0.396530
Iteration,0,376,150.221072,0.395281
Iteration,0,377,150.615853,0.394781
Iteration,0,378,151.011803,0.395950
Iteration,0,379,151.412852,0.401049
Iteration,0,380,151.810840,0.397988
Iteration,0,381,152.206294,0.395454
Iteration,0,382,152.602944,0.396650
Iteration,0,383,153.001358,0.398414
Iteration,0,384,153.398749,0.397391
Iteration,0,385,153.797338,0.398589
Iteration,0,386,154.193898,0.396560
Iteration,0,387,154.593651,0.399753
Iteration,0,388,154.994724,0.401073
Iteration,0,389,155.393657,0.398933
Iteration,0,390,155.790731,0.397074
Iteration,0,391,156.188284,0.397553
Iteration,0,392,156.583508,0.395224
Iteration,0,393,156.980889,0.397381
Iteration,0,394,157.377404,0.396515
Iteration,0,395,157.774305,0.396901
Iteration,0,396,158.170674,0.396369
Iteration,0,397,158.566587,0.395913
Iteration,0,398,158.961990,0.395403
Iteration,0,399,159.359578,0.397588
