Iteration,0,1,2.039845,1.138356
Iteration,0,2,2.799746,0.759901
Iteration,0,3,3.515189,0.715443
Iteration,0,4,4.176986,0.661797
Iteration,0,5,4.823617,0.646631
Iteration,0,6,5.465387,0.641770
Iteration,0,7,6.151916,0.686529
Iteration,0,8,6.794327,0.642411
Iteration,0,9,7.435936,0.641609
Iteration,0,10,8.077517,0.641581
Iteration,0,11,8.749428,0.671911
Iteration,0,12,9.402189,0.652761
Iteration,0,13,10.056605,0.654416
Iteration,0,14,10.698215,0.641610
Iteration,0,15,11.339672,0.641457
Iteration,0,16,11.981338,0.641666
Iteration,0,17,12.632285,0.650947
Iteration,0,18,13.333706,0.701421
Iteration,0,19,13.975549,0.641843
Iteration,0,20,14.617192,0.641643
Iteration,0,21,15.258726,0.641534
Iteration,0,22,15.901338,0.642612
Iteration,0,23,16.542925,0.641587
Iteration,0,24,17.184874,0.641949
Iteration,0,25,17.826407,0.641533
Iteration,0,26,18.513242,0.686835
Iteration,0,27,19.155274,0.642032
Iteration,0,28,19.796946,0.641672
Iteration,0,29,20.438627,0.641681
Iteration,0,30,21.080509,0.641882
Iteration,0,31,21.728494,0.647985
Iteration,0,32,22.371944,0.643450
Iteration,0,33,23.013567,0.641623
Iteration,0,34,23.655169,0.641602
Iteration,0,35,24.296867,0.641698
Iteration,0,36,24.991795,0.694928
Iteration,0,37,25.648844,0.657049
Iteration,0,38,26.290856,0.642012
Iteration,0,39,26.932439,0.641583
Iteration,0,40,27.574983,0.642544
Iteration,0,41,28.216546,0.641563
Iteration,0,42,28.858541,0.641995
Iteration,0,43,29.500090,0.641549
Iteration,0,44,30.141785,0.641695
Iteration,0,45,30.790528,0.648743
Iteration,0,46,31.452332,0.661804
Iteration,0,47,32.114157,0.661825
Iteration,0,48,32.774592,0.660435
Iteration,0,49,33.416256,0.641664
Iteration,0,50,34.101225,0.684969
Iteration,0,51,34.744193,0.642968
Iteration,0,52,35.385778,0.641585
Iteration,0,53,36.027629,0.641851
Iteration,0,54,36.672134,0.644505
Iteration,0,55,37.315275,0.643141
Iteration,0,56,37.956937,0.641662
Iteration,0,57,38.598668,0.641731
Iteration,0,58,39.240233,0.641565
Iteration,0,59,39.886638,0.646405
Iteration,0,60,40.528313,0.641675
Iteration,0,61,41.170247,0.641934
Iteration,0,62,41.811902,0.641655
Iteration,0,63,42.453620,0.641718
Iteration,0,64,43.110487,0.656867
Iteration,0,65,43.768094,0.657607
Iteration,0,66,44.409802,0.641708
Iteration,0,67,45.051712,0.641910
Iteration,0,68,45.742549,0.690837
Iteration,0,69,46.425952,0.683403
Iteration,0,70,47.092816,0.666864
Iteration,0,71,47.754656,0.661840
Iteration,0,72,48.416570,0.661914
Iteration,0,73,49.079442,0.662872
Iteration,0,74,49.724462,0.645020
Iteration,0,75,50.366168,0.641706
Iteration,0,76,51.007846,0.641678
Iteration,0,77,51.649387,0.641541
Iteration,0,78,52.301822,0.652435
Iteration,0,79,52.943656,0.641834
Iteration,0,80,53.585281,0.641625
Iteration,0,81,54.227113,0.641832
Iteration,0,82,54.869538,0.642425
Iteration,0,83,55.511167,0.641629
Iteration,0,84,56.152987,0.641820
Iteration,0,85,56.794907,0.641920
Iteration,0,86,57.436594,0.641687
Iteration,0,87,58.078982,0.642388
Iteration,0,88,58.720662,0.641680
Iteration,0,89,59.362178,0.641516
Iteration,0,90,60.004071,0.641893
Iteration,0,91,60.687593,0.683522
Iteration,0,92,61.338094,0.650501
Iteration,0,93,61.979816,0.641722
Iteration,0,94,62.621491,0.641675
Iteration,0,95,63.263111,0.641620
Iteration,0,96,63.910614,0.647503
Iteration,0,97,64.572440,0.661826
Iteration,0,98,65.218425,0.645985
Iteration,0,99,65.860237,0.641812
Iteration,0,100,66.501935,0.641698
Iteration,0,101,67.144384,0.642449
Iteration,0,102,67.786043,0.641659
Iteration,0,103,68.427681,0.641638
Iteration,0,104,69.069522,0.641841
Iteration,0,105,69.711065,0.641543
Iteration,0,106,70.353479,0.642414
Iteration,0,107,70.995070,0.641591
Iteration,0,108,71.636824,0.641754
Iteration,0,109,72.278521,0.641697
Iteration,0,110,72.921232,0.642711
Iteration,0,111,73.562955,0.641723
Iteration,0,112,74.204513,0.641558
Iteration,0,113,74.866055,0.661542
Iteration,0,114,75.605532,0.739477
Iteration,0,115,76.365576,0.760044
Iteration,0,116,77.125521,0.759945
Iteration,0,117,77.871900,0.746379
Iteration,0,118,78.513614,0.641714
Iteration,0,119,79.156947,0.643333
Iteration,0,120,79.813398,0.656451
Iteration,0,121,80.498735,0.685337
Iteration,0,122,81.140553,0.641818
Iteration,0,123,81.782128,0.641575
Iteration,0,124,82.424550,0.642422
Iteration,0,125,83.066247,0.641697
Iteration,0,126,83.707799,0.641552
Iteration,0,127,84.349396,0.641597
Iteration,0,128,84.996661,0.647265
Iteration,0,129,85.658541,0.661880
Iteration,0,130,86.306350,0.647809
Iteration,0,131,86.947915,0.641565
Iteration,0,132,87.589372,0.641457
Iteration,0,133,88.231652,0.642280
Iteration,0,134,88.873643,0.641991
Iteration,0,135,89.515261,0.641618
Iteration,0,136,90.156953,0.641692
Iteration,0,137,90.798686,0.641733
Iteration,0,138,91.441114,0.642428
Iteration,0,139,92.082722,0.641608
Iteration,0,140,92.724687,0.641965
Iteration,0,141,93.366355,0.641668
Iteration,0,142,94.008855,0.642500
Iteration,0,143,94.650588,0.641733
Iteration,0,144,95.292107,0.641519
Iteration,0,145,95.933890,0.641783
Iteration,0,146,96.575548,0.641658
Iteration,0,147,97.218206,0.642658
Iteration,0,148,97.859962,0.641756
Iteration,0,149,98.501748,0.641786
Iteration,0,150,99.143335,0.641587
Iteration,0,151,99.784886,0.641551
Iteration,0,152,100.427212,0.642326
Iteration,0,153,101.069199,0.641987
Iteration,0,154,101.710734,0.641535
Iteration,0,155,102.352454,0.641720
Iteration,0,156,102.994797,0.642343
Iteration,0,157,103.636435,0.641638
Iteration,0,158,104.278123,0.641688
Iteration,0,159,104.919967,0.641844
Iteration,0,160,105.584479,0.664512
Iteration,0,161,106.246234,0.661755
Iteration,0,162,106.887896,0.641662
Iteration,0,163,107.529437,0.641541
Iteration,0,164,108.171061,0.641624
Iteration,0,165,108.812961,0.641900
Iteration,0,166,109.455482,0.642521
Iteration,0,167,110.097210,0.641728
Iteration,0,168,110.738994,0.641784
Iteration,0,169,111.380468,0.641474
Iteration,0,170,112.022843,0.642375
Iteration,0,171,112.664475,0.641632
Iteration,0,172,113.306380,0.641905
Iteration,0,173,114.002457,0.696077
Iteration,0,174,114.809145,0.806688
Iteration,0,175,115.569191,0.760046
Iteration,0,176,116.231565,0.662374
Iteration,0,177,116.873466,0.641901
Iteration,0,178,117.515063,0.641597
Iteration,0,179,118.157479,0.642416
Iteration,0,180,118.799241,0.641762
Iteration,0,181,119.440770,0.641529
Iteration,0,182,120.081785,0.641015
Iteration,0,183,120.722571,0.640786
Iteration,0,184,121.364124,0.641553
Iteration,0,185,122.004651,0.640527
Iteration,0,186,122.658259,0.653608
Iteration,0,187,123.365291,0.707032
Iteration,0,188,124.125375,0.760084
Iteration,0,189,124.885398,0.760023
Iteration,0,190,125.645504,0.760106
Iteration,0,191,126.310139,0.664635
Iteration,0,192,126.951679,0.641540
Iteration,0,193,127.594097,0.642418
Iteration,0,194,128.235792,0.641695
Iteration,0,195,128.877735,0.641943
Iteration,0,196,129.519244,0.641509
Iteration,0,197,130.161554,0.642310
Iteration,0,198,130.803075,0.641521
Iteration,0,199,131.444615,0.641540
Iteration,0,200,132.086171,0.641556
Iteration,0,201,132.728145,0.641974
Iteration,0,202,133.377520,0.649375
Iteration,0,203,134.019116,0.641596
Iteration,0,204,134.672409,0.653293
Iteration,0,205,135.334166,0.661757
Iteration,0,206,135.996096,0.661930
Iteration,0,207,136.647037,0.650941
Iteration,0,208,137.307203,0.660166
Iteration,0,209,137.968963,0.661760
Iteration,0,210,138.630920,0.661957
Iteration,0,211,139.331654,0.700734
Iteration,0,212,139.973362,0.641708
Iteration,0,213,140.614939,0.641577
Iteration,0,214,141.256727,0.641788
Iteration,0,215,141.898168,0.641441
Iteration,0,216,142.540487,0.642319
Iteration,0,217,143.181909,0.641422
Iteration,0,218,143.823436,0.641527
Iteration,0,219,144.465048,0.641612
Iteration,0,220,145.107345,0.642297
Iteration,0,221,145.749546,0.642201
Iteration,0,222,146.391074,0.641528
Iteration,0,223,147.032486,0.641412
Iteration,0,224,147.673894,0.641408
Iteration,0,225,148.321523,0.647629
Iteration,0,226,148.979603,0.658080
Iteration,0,227,149.621172,0.641569
Iteration,0,228,150.262746,0.641574
Iteration,0,229,150.904359,0.641613
Iteration,0,230,151.546677,0.642318
Iteration,0,231,152.188179,0.641502
Iteration,0,232,152.829838,0.641659
Iteration,0,233,153.471439,0.641601
Iteration,0,234,154.112942,0.641503
Iteration,0,235,154.755307,0.642365
Iteration,0,236,155.396730,0.641423
Iteration,0,237,156.038415,0.641685
Iteration,0,238,156.680022,0.641607
Iteration,0,239,157.322822,0.642800
Iteration,0,240,157.964399,0.641577
Iteration,0,241,158.605978,0.641579
Iteration,0,242,159.247435,0.641457
Iteration,0,243,159.888920,0.641485
Iteration,0,244,160.531293,0.642373
Iteration,0,245,161.173036,0.641743
Iteration,0,246,161.840392,0.667356
Iteration,0,247,162.654450,0.814058
Iteration,0,248,163.415036,0.760586
Iteration,0,249,164.101541,0.686505
Iteration,0,250,164.743357,0.641816
