Iteration,0,1,8.298877,2.379542
Iteration,0,2,10.591525,2.292648
Iteration,0,3,12.877227,2.285702
Iteration,0,4,15.087130,2.209903
Iteration,0,5,17.341232,2.254102
Iteration,0,6,19.517038,2.175806
Iteration,0,7,21.765187,2.248149
Iteration,0,8,23.926742,2.161555
Iteration,0,9,26.076286,2.149544
Iteration,0,10,28.273038,2.196752
Iteration,0,11,30.427424,2.154386
Iteration,0,12,32.597675,2.170251
Iteration,0,13,34.738859,2.141184
Iteration,0,14,36.861157,2.122298
Iteration,0,15,39.099849,2.238692
Iteration,0,16,41.195419,2.095570
Iteration,0,17,43.342307,2.146888
Iteration,0,18,45.482866,2.140559
Iteration,0,19,47.604566,2.121700
Iteration,0,20,49.790131,2.185565
Iteration,0,21,51.945221,2.155090
Iteration,0,22,54.038676,2.093455
Iteration,0,23,56.229404,2.190728
Iteration,0,24,58.391795,2.162391
Iteration,0,25,60.566327,2.174532
Iteration,0,26,62.686582,2.120255
Iteration,0,27,64.830818,2.144236
Iteration,0,28,66.981672,2.150854
Iteration,0,29,69.130429,2.148757
Iteration,0,30,71.224981,2.094552
Iteration,0,31,73.393715,2.168734
Iteration,0,32,75.483545,2.089830
Iteration,0,33,77.627107,2.143562
Iteration,0,34,79.746973,2.119866
Iteration,0,35,81.910461,2.163488
Iteration,0,36,84.036942,2.126481
Iteration,0,37,86.181841,2.144899
Iteration,0,38,88.290498,2.108657
Iteration,0,39,90.437061,2.146563
Iteration,0,40,92.584371,2.147310
Iteration,0,41,94.724632,2.140261
Iteration,0,42,96.877562,2.152930
Iteration,0,43,98.967755,2.090193
Iteration,0,44,101.060222,2.092467
Iteration,0,45,103.211891,2.151669
Iteration,0,46,105.323219,2.111328
Iteration,0,47,107.440653,2.117434
Iteration,0,48,109.578415,2.137762
Iteration,0,49,111.668519,2.090104
Iteration,0,50,113.813790,2.145271
Iteration,0,51,115.912527,2.098737
Iteration,0,52,118.059957,2.147430
Iteration,0,53,120.153902,2.093945
Iteration,0,54,122.244362,2.090460
Iteration,0,55,124.335942,2.091580
Iteration,0,56,126.487619,2.151677
Iteration,0,57,128.579576,2.091957
Iteration,0,58,130.682905,2.103329
Iteration,0,59,132.823060,2.140155
Iteration,0,60,134.923709,2.100649
Iteration,0,61,137.015973,2.092264
Iteration,0,62,139.107102,2.091129
Iteration,0,63,141.218372,2.111270
Iteration,0,64,143.340179,2.121807
Iteration,0,65,145.439464,2.099285
Iteration,0,66,147.639323,2.199859
Iteration,0,67,149.805744,2.166421
Iteration,0,68,152.039481,2.233737
Iteration,0,69,154.129755,2.090274
Iteration,0,70,156.306270,2.176515
Iteration,0,71,158.409041,2.102771
Iteration,0,72,160.501384,2.092343
Iteration,0,73,162.591143,2.089759
Iteration,0,74,164.754372,2.163229
Iteration,0,75,166.845571,2.091199
Iteration,0,76,168.935420,2.089849
Iteration,0,77,171.034263,2.098843
Iteration,0,78,173.148971,2.114708
Iteration,0,79,175.347575,2.198604
Iteration,0,80,177.491869,2.144294
Iteration,0,81,179.641772,2.149903
Iteration,0,82,181.779402,2.137630
Iteration,0,83,183.895058,2.115656
Iteration,0,84,186.058921,2.163863
Iteration,0,85,188.189346,2.130425
Iteration,0,86,190.278933,2.089587
Iteration,0,87,192.474174,2.195241
Iteration,0,88,194.595090,2.120916
Iteration,0,89,196.686282,2.091192
Iteration,0,90,198.776373,2.090091
Iteration,0,91,200.917472,2.141099
Iteration,0,92,203.099613,2.182141
Iteration,0,93,205.193246,2.093633
Iteration,0,94,207.328981,2.135735
Iteration,0,95,209.532339,2.203358
Iteration,0,96,211.998827,2.466488
Iteration,0,97,214.088195,2.089368
Iteration,0,98,216.179997,2.091802
Iteration,0,99,218.296540,2.116543
Iteration,0,100,220.386652,2.090112
Iteration,0,101,222.577471,2.190819
Iteration,0,102,224.721578,2.144107
Iteration,0,103,226.861034,2.139456
Iteration,0,104,228.950661,2.089627
Iteration,0,105,231.046939,2.096278
Iteration,0,106,233.208778,2.161839
Iteration,0,107,235.330232,2.121454
Iteration,0,108,237.421210,2.090978
Iteration,0,109,239.513508,2.092298
Iteration,0,110,241.618382,2.104874
Iteration,0,111,243.771128,2.152746
Iteration,0,112,245.892754,2.121626
Iteration,0,113,247.990763,2.098009
Iteration,0,114,250.080158,2.089395
Iteration,0,115,252.242795,2.162637
Iteration,0,116,254.630666,2.387871
Iteration,0,117,256.889762,2.259096
Iteration,0,118,258.981616,2.091854
Iteration,0,119,261.072684,2.091068
Iteration,0,120,263.220964,2.148280
Iteration,0,121,265.310759,2.089795
Iteration,0,122,267.402450,2.091691
Iteration,0,123,269.493290,2.090840
Iteration,0,124,271.582801,2.089511
Iteration,0,125,273.727998,2.145197
Iteration,0,126,275.827439,2.099441
Iteration,0,127,277.918112,2.090673
Iteration,0,128,280.008114,2.090002
Iteration,0,129,282.136015,2.127901
Iteration,0,130,284.294428,2.158413
Iteration,0,131,286.433589,2.139161
Iteration,0,132,288.539541,2.105952
Iteration,0,133,290.629935,2.090394
Iteration,0,134,292.774501,2.144566
Iteration,0,135,294.888642,2.114141
Iteration,0,136,297.006322,2.117680
Iteration,0,137,299.139754,2.133432
Iteration,0,138,301.233322,2.093568
Iteration,0,139,303.385460,2.152138
Iteration,0,140,305.479712,2.094252
Iteration,0,141,307.569684,2.089972
Iteration,0,142,309.661279,2.091595
Iteration,0,143,311.790537,2.129258
Iteration,0,144,313.920507,2.129970
Iteration,0,145,316.039241,2.118734
Iteration,0,146,318.133886,2.094645
Iteration,0,147,320.230966,2.097080
Iteration,0,148,322.371900,2.140934
Iteration,0,149,324.503372,2.131472
Iteration,0,150,326.643699,2.140327
Iteration,0,151,328.768622,2.124923
Iteration,0,152,330.858791,2.090169
Iteration,0,153,332.975595,2.116804
Iteration,0,154,335.109330,2.133735
Iteration,0,155,337.203112,2.093782
Iteration,0,156,339.336114,2.133002
Iteration,0,157,341.461232,2.125118
Iteration,0,158,343.633412,2.172180
Iteration,0,159,345.735007,2.101595
Iteration,0,160,347.825242,2.090235
Iteration,0,161,349.914435,2.089193
Iteration,0,162,352.107636,2.193201
Iteration,0,163,354.214117,2.106481
Iteration,0,164,356.304437,2.090320
Iteration,0,165,358.393690,2.089253
Iteration,0,166,360.483949,2.090259
Iteration,0,167,362.658308,2.174359
Iteration,0,168,364.782498,2.124190
Iteration,0,169,366.883355,2.100857
Iteration,0,170,368.974170,2.090815
Iteration,0,171,371.063814,2.089644
Iteration,0,172,373.204696,2.140882
Iteration,0,173,375.324207,2.119511
Iteration,0,174,377.444114,2.119907
Iteration,0,175,379.585348,2.141234
Iteration,0,176,381.743305,2.157957
Iteration,0,177,383.937272,2.193967
Iteration,0,178,386.076075,2.138803
Iteration,0,179,388.215975,2.139900
Iteration,0,180,390.307507,2.091532
Iteration,0,181,392.460782,2.153275
Iteration,0,182,394.610358,2.149576
Iteration,0,183,396.842634,2.232276
Iteration,0,184,399.250463,2.407829
Iteration,0,185,401.441793,2.191330
Iteration,0,186,403.594659,2.152866
Iteration,0,187,405.687664,2.093005
Iteration,0,188,407.778455,2.090791
Iteration,0,189,409.867484,2.089029
Iteration,0,190,412.050641,2.183157
Iteration,0,191,414.141073,2.090432
Iteration,0,192,416.230797,2.089724
Iteration,0,193,418.321103,2.090306
Iteration,0,194,420.424703,2.103600
Iteration,0,195,422.570659,2.145956
Iteration,0,196,424.663586,2.092927
Iteration,0,197,426.754236,2.090650
Iteration,0,198,428.844868,2.090632
Iteration,0,199,430.935064,2.090196
Iteration,0,200,433.102755,2.167691
Iteration,0,201,435.275105,2.172350
Iteration,0,202,437.396718,2.121613
Iteration,0,203,439.487495,2.090777
Iteration,0,204,441.603752,2.116257
Iteration,0,205,443.766401,2.162649
Iteration,0,206,445.933690,2.167289
Iteration,0,207,448.209338,2.275648
Iteration,0,208,450.299544,2.090206
Iteration,0,209,452.446311,2.146767
Iteration,0,210,454.540118,2.093807
Iteration,0,211,456.656657,2.116539
Iteration,0,212,458.796138,2.139481
Iteration,0,213,460.928221,2.132083
Iteration,0,214,463.076462,2.148241
Iteration,0,215,465.179681,2.103219
Iteration,0,216,467.318915,2.139234
Iteration,0,217,469.439366,2.120451
Iteration,0,218,471.529959,2.090593
Iteration,0,219,473.670363,2.140404
Iteration,0,220,475.764595,2.094232
Iteration,0,221,477.856483,2.091888
Iteration,0,222,479.974316,2.117833
Iteration,0,223,482.140643,2.166327
Iteration,0,224,484.265531,2.124888
Iteration,0,225,486.356253,2.090722
Iteration,0,226,488.446230,2.089977
Iteration,0,227,490.537241,2.091011
Iteration,0,228,492.686539,2.149298
Iteration,0,229,494.783049,2.096510
Iteration,0,230,496.905899,2.122850
Iteration,0,231,498.996834,2.090935
Iteration,0,232,501.087384,2.090550
Iteration,0,233,503.234790,2.147406
Iteration,0,234,505.339326,2.104536
Iteration,0,235,507.458359,2.119033
Iteration,0,236,509.571929,2.113570
Iteration,0,237,511.684894,2.112965
Iteration,0,238,513.866531,2.181637
Iteration,0,239,515.957287,2.090756
Iteration,0,240,518.046831,2.089544
Iteration,0,241,520.137173,2.090342
Iteration,0,242,522.277955,2.140782
Iteration,0,243,524.370987,2.093032
Iteration,0,244,526.473520,2.102533
Iteration,0,245,528.569254,2.095734
Iteration,0,246,530.658576,2.089322
Iteration,0,247,532.807649,2.149073
Iteration,0,248,534.930659,2.123010
Iteration,0,249,537.020695,2.090036
Iteration,0,250,539.110957,2.090262
Iteration,0,251,541.201399,2.090442
Iteration,0,252,543.351053,2.149654
Iteration,0,253,545.447057,2.096004
Iteration,0,254,547.537589,2.090532
Iteration,0,255,549.638396,2.100807
Iteration,0,256,551.728163,2.089767
Iteration,0,257,553.881002,2.152839
Iteration,0,258,555.973930,2.092928
Iteration,0,259,558.063542,2.089612
Iteration,0,260,560.154059,2.090517
Iteration,0,261,562.330560,2.176501
Iteration,0,262,564.452420,2.121860
Iteration,0,263,566.544441,2.092021
Iteration,0,264,568.643056,2.098615
Iteration,0,265,570.734009,2.090953
Iteration,0,266,572.873981,2.139972
Iteration,0,267,574.968504,2.094523
Iteration,0,268,577.082112,2.113608
Iteration,0,269,579.221785,2.139673
Iteration,0,270,581.321609,2.099824
Iteration,0,271,583.433237,2.111628
Iteration,0,272,585.555001,2.121764
Iteration,0,273,587.645238,2.090237
Iteration,0,274,589.776493,2.131255
Iteration,0,275,591.901967,2.125474
Iteration,0,276,594.032670,2.130703
Iteration,0,277,596.122970,2.090300
Iteration,0,278,598.213969,2.090999
Iteration,0,279,600.303432,2.089463
Iteration,0,280,602.450461,2.147029
Iteration,0,281,604.544742,2.094281
Iteration,0,282,606.635043,2.090301
Iteration,0,283,608.725618,2.090575
Iteration,0,284,610.816620,2.091002
Iteration,0,285,613.000939,2.184319
Iteration,0,286,615.090862,2.089923
Iteration,0,287,617.182569,2.091707
Iteration,0,288,619.274117,2.091548
Iteration,0,289,621.363120,2.089003
Iteration,0,290,623.508651,2.145531
Iteration,0,291,625.602007,2.093356
Iteration,0,292,627.692191,2.090184
Iteration,0,293,629.781627,2.089436
Iteration,0,294,631.871832,2.090205
Iteration,0,295,634.016833,2.145001
Iteration,0,296,636.106134,2.089301
Iteration,0,297,638.197074,2.090940
Iteration,0,298,640.287265,2.090191
Iteration,0,299,642.428411,2.141146
Iteration,0,300,644.529755,2.101344
Iteration,0,301,646.629609,2.099854
Iteration,0,302,648.720015,2.090406
Iteration,0,303,650.809219,2.089204
Iteration,0,304,652.956895,2.147676
Iteration,0,305,655.054107,2.097212
Iteration,0,306,657.142920,2.088813
Iteration,0,307,659.250770,2.107850
Iteration,0,308,661.367078,2.116308
Iteration,0,309,663.564215,2.197137
Iteration,0,310,665.695606,2.131391
Iteration,0,311,667.786365,2.090759
Iteration,0,312,669.876057,2.089692
Iteration,0,313,671.967342,2.091285
Iteration,0,314,674.120532,2.153190
Iteration,0,315,676.213977,2.093445
Iteration,0,316,678.303197,2.089220
Iteration,0,317,680.394202,2.091005
Iteration,0,318,682.510860,2.116658
Iteration,0,319,684.643038,2.132178
Iteration,0,320,687.016941,2.373903
Iteration,0,321,689.209224,2.192283
Iteration,0,322,691.312930,2.103706
Iteration,0,323,693.512164,2.199234
Iteration,0,324,695.658708,2.146544
Iteration,0,325,697.764891,2.106183
Iteration,0,326,699.855504,2.090613
Iteration,0,327,701.944460,2.088956
Iteration,0,328,704.103017,2.158557
Iteration,0,329,706.200981,2.097964
Iteration,0,330,708.327074,2.126093
Iteration,0,331,710.466730,2.139656
Iteration,0,332,712.634250,2.167520
Iteration,0,333,714.723870,2.089620
Iteration,0,334,716.814295,2.090425
Iteration,0,335,718.929970,2.115675
Iteration,0,336,721.069472,2.139502
Iteration,0,337,723.255751,2.186279
Iteration,0,338,725.349295,2.093544
Iteration,0,339,727.439856,2.090561
Iteration,0,340,729.528790,2.088934
Iteration,0,341,731.619805,2.091015
Iteration,0,342,733.736018,2.116213
Iteration,0,343,735.856499,2.120481
Iteration,0,344,737.946307,2.089808
Iteration,0,345,740.051191,2.104884
Iteration,0,346,742.183330,2.132139
Iteration,0,347,744.305018,2.121688
Iteration,0,348,746.397234,2.092216
Iteration,0,349,748.488122,2.090888
Iteration,0,350,750.576985,2.088863
Iteration,0,351,752.724711,2.147726
Iteration,0,352,754.828996,2.104285
Iteration,0,353,756.918060,2.089064
Iteration,0,354,759.008366,2.090306
Iteration,0,355,761.099292,2.090926
Iteration,0,356,763.246844,2.147552
Iteration,0,357,765.335860,2.089016
Iteration,0,358,767.426094,2.090234
Iteration,0,359,769.516120,2.090026
Iteration,0,360,771.605505,2.089385
Iteration,0,361,773.746554,2.141049
Iteration,0,362,775.841135,2.094581
Iteration,0,363,777.930761,2.089626
Iteration,0,364,780.021168,2.090407
Iteration,0,365,782.131831,2.110663
Iteration,0,366,784.253616,2.121785
Iteration,0,367,786.342862,2.089246
Iteration,0,368,788.433197,2.090335
Iteration,0,369,790.523398,2.090201
Iteration,0,370,792.669552,2.146154
Iteration,0,371,794.767659,2.098107
Iteration,0,372,796.857884,2.090225
Iteration,0,373,798.947282,2.089398
Iteration,0,374,801.037641,2.090359
Iteration,0,375,803.194402,2.156761
Iteration,0,376,805.337578,2.143176
Iteration,0,377,807.427281,2.089703
Iteration,0,378,809.526228,2.098947
Iteration,0,379,811.616461,2.090233
Iteration,0,380,813.761780,2.145319
Iteration,0,381,815.860552,2.098772
Iteration,0,382,817.950965,2.090413
Iteration,0,383,820.040019,2.089054
Iteration,0,384,822.172770,2.132751
Iteration,0,385,824.289160,2.116390
Iteration,0,386,826.378157,2.088997
Iteration,0,387,828.468647,2.090490
Iteration,0,388,830.558241,2.089594
Iteration,0,389,832.675387,2.117146
Iteration,0,390,834.795965,2.120578
Iteration,0,391,836.920816,2.124851
Iteration,0,392,839.040437,2.119621
Iteration,0,393,841.129301,2.088864
Iteration,0,394,843.276505,2.147204
Iteration,0,395,845.372929,2.096424
Iteration,0,396,847.462378,2.089449
Iteration,0,397,849.553081,2.090703
Iteration,0,398,851.643031,2.089950
Iteration,0,399,853.791467,2.148436
