Iteration,0,1,1.975486,0.576774
Iteration,0,2,2.568207,0.592721
Iteration,0,3,3.139118,0.570911
Iteration,0,4,3.732038,0.592920
Iteration,0,5,4.287012,0.554974
Iteration,0,6,4.848587,0.561575
Iteration,0,7,5.441232,0.592645
Iteration,0,8,5.996401,0.555169
Iteration,0,9,6.556140,0.559739
Iteration,0,10,7.100289,0.544149
Iteration,0,11,7.701272,0.600983
Iteration,0,12,8.254939,0.553667
Iteration,0,13,8.813547,0.558608
Iteration,0,14,9.357774,0.544227
Iteration,0,15,9.900324,0.542550
Iteration,0,16,10.492611,0.592287
Iteration,0,17,11.046298,0.553687
Iteration,0,18,11.588770,0.542472
Iteration,0,19,12.149282,0.560512
Iteration,0,20,12.692023,0.542741
Iteration,0,21,13.234738,0.542715
Iteration,0,22,13.828085,0.593347
Iteration,0,23,14.381595,0.553510
Iteration,0,24,14.923877,0.542282
Iteration,0,25,15.483747,0.559870
Iteration,0,26,16.027817,0.544070
Iteration,0,27,16.572794,0.544977
Iteration,0,28,17.120122,0.547328
Iteration,0,29,17.712303,0.592181
Iteration,0,30,18.265734,0.553431
Iteration,0,31,18.808149,0.542415
Iteration,0,32,19.350843,0.542694
Iteration,0,33,19.911425,0.560582
Iteration,0,34,20.454847,0.543422
Iteration,0,35,20.997510,0.542663
Iteration,0,36,21.539770,0.542260
Iteration,0,37,22.082322,0.542552
Iteration,0,38,22.678592,0.596270
Iteration,0,39,23.234638,0.556046
Iteration,0,40,23.776755,0.542117
Iteration,0,41,24.319263,0.542508
Iteration,0,42,24.861518,0.542255
Iteration,0,43,25.421059,0.559541
Iteration,0,44,25.970376,0.549317
Iteration,0,45,26.512838,0.542462
Iteration,0,46,27.055359,0.542521
Iteration,0,47,27.597949,0.542590
Iteration,0,48,28.140318,0.542369
Iteration,0,49,28.736076,0.595758
Iteration,0,50,29.290741,0.554665
Iteration,0,51,29.832798,0.542057
Iteration,0,52,30.380863,0.548065
Iteration,0,53,30.930643,0.549780
Iteration,0,54,31.475618,0.544975
Iteration,0,55,32.035996,0.560378
Iteration,0,56,32.578774,0.542778
Iteration,0,57,33.121061,0.542287
Iteration,0,58,33.663512,0.542451
Iteration,0,59,34.205896,0.542384
Iteration,0,60,34.748291,0.542395
Iteration,0,61,35.291352,0.543061
Iteration,0,62,35.891967,0.600615
Iteration,0,63,36.447193,0.555226
Iteration,0,64,36.991607,0.544414
Iteration,0,65,37.534508,0.542901
Iteration,0,66,38.076707,0.542199
Iteration,0,67,38.622713,0.546006
Iteration,0,68,39.172502,0.549789
Iteration,0,69,39.736473,0.563971
Iteration,0,70,40.280173,0.543700
Iteration,0,71,40.822874,0.542701
Iteration,0,72,41.364641,0.541767
Iteration,0,73,41.906486,0.541845
Iteration,0,74,42.448036,0.541550
Iteration,0,75,42.990036,0.542000
Iteration,0,76,43.531503,0.541467
Iteration,0,77,44.073236,0.541733
Iteration,0,78,44.664031,0.590795
Iteration,0,79,45.216088,0.552057
Iteration,0,80,45.758678,0.542590
Iteration,0,81,46.300703,0.542025
Iteration,0,82,46.843339,0.542636
Iteration,0,83,47.385824,0.542485
Iteration,0,84,47.928146,0.542322
Iteration,0,85,48.470759,0.542613
Iteration,0,86,49.029178,0.558419
Iteration,0,87,49.572907,0.543729
Iteration,0,88,50.115767,0.542860
Iteration,0,89,50.658329,0.542562
Iteration,0,90,51.200502,0.542173
Iteration,0,91,51.743404,0.542902
Iteration,0,92,52.286051,0.542647
Iteration,0,93,52.828323,0.542272
Iteration,0,94,53.371134,0.542811
Iteration,0,95,53.913650,0.542516
Iteration,0,96,54.456544,0.542894
Iteration,0,97,55.047812,0.591268
Iteration,0,98,55.601285,0.553473
Iteration,0,99,56.143527,0.542242
Iteration,0,100,56.686112,0.542585
Iteration,0,101,57.228581,0.542469
Iteration,0,102,57.769722,0.541141
Iteration,0,103,58.311920,0.542198
Iteration,0,104,58.854765,0.542845
Iteration,0,105,59.396863,0.542098
Iteration,0,106,59.939172,0.542309
Iteration,0,107,60.498760,0.559588
Iteration,0,108,61.043016,0.544256
Iteration,0,109,61.585123,0.542107
Iteration,0,110,62.127801,0.542678
Iteration,0,111,62.670272,0.542471
Iteration,0,112,63.212622,0.542350
Iteration,0,113,63.754667,0.542045
Iteration,0,114,64.295801,0.541134
Iteration,0,115,64.837065,0.541264
Iteration,0,116,65.378660,0.541595
Iteration,0,117,65.919822,0.541162
Iteration,0,118,66.461480,0.541658
Iteration,0,119,67.003706,0.542226
Iteration,0,120,67.600008,0.596302
Iteration,0,121,68.153280,0.553272
Iteration,0,122,68.695559,0.542279
Iteration,0,123,69.238470,0.542911
Iteration,0,124,69.780550,0.542080
Iteration,0,125,70.323156,0.542606
Iteration,0,126,70.865587,0.542431
Iteration,0,127,71.407924,0.542337
Iteration,0,128,71.950284,0.542360
Iteration,0,129,72.492518,0.542234
Iteration,0,130,73.035169,0.542651
Iteration,0,131,73.577322,0.542153
Iteration,0,132,74.136908,0.559586
Iteration,0,133,74.680634,0.543726
Iteration,0,134,75.223132,0.542498
Iteration,0,135,75.765201,0.542069
Iteration,0,136,76.307654,0.542453
Iteration,0,137,76.850000,0.542346
Iteration,0,138,77.392394,0.542394
Iteration,0,139,77.934968,0.542574
Iteration,0,140,78.477230,0.542262
Iteration,0,141,79.019717,0.542487
Iteration,0,142,79.562023,0.542306
Iteration,0,143,80.104280,0.542257
Iteration,0,144,80.646463,0.542183
Iteration,0,145,81.188675,0.542212
Iteration,0,146,81.731388,0.542713
Iteration,0,147,82.318359,0.586971
Iteration,0,148,82.877401,0.559042
Iteration,0,149,83.419952,0.542551
Iteration,0,150,83.962306,0.542354
Iteration,0,151,84.504337,0.542031
Iteration,0,152,85.046947,0.542610
Iteration,0,153,85.588976,0.542029
Iteration,0,154,86.131119,0.542143
Iteration,0,155,86.673205,0.542086
Iteration,0,156,87.215690,0.542485
Iteration,0,157,87.757971,0.542281
Iteration,0,158,88.300038,0.542067
Iteration,0,159,88.842583,0.542545
Iteration,0,160,89.384706,0.542123
Iteration,0,161,89.927251,0.542545
Iteration,0,162,90.485970,0.558719
Iteration,0,163,91.030180,0.544210
Iteration,0,164,91.572597,0.542417
Iteration,0,165,92.115323,0.542726
Iteration,0,166,92.661055,0.545732
Iteration,0,167,93.212538,0.551483
Iteration,0,168,93.754203,0.541665
Iteration,0,169,94.296927,0.542724
Iteration,0,170,94.839234,0.542307
Iteration,0,171,95.381204,0.541970
Iteration,0,172,95.922310,0.541106
Iteration,0,173,96.463277,0.540967
Iteration,0,174,97.004059,0.540782
Iteration,0,175,97.545029,0.540970
Iteration,0,176,98.087102,0.542073
Iteration,0,177,98.635865,0.548763
Iteration,0,178,99.184631,0.548766
Iteration,0,179,99.728047,0.543416
Iteration,0,180,100.270784,0.542737
Iteration,0,181,100.871082,0.600298
Iteration,0,182,101.413640,0.542558
Iteration,0,183,101.955765,0.542125
Iteration,0,184,102.498418,0.542653
Iteration,0,185,103.040884,0.542466
Iteration,0,186,103.583231,0.542347
Iteration,0,187,104.125475,0.542244
Iteration,0,188,104.667911,0.542436
Iteration,0,189,105.210610,0.542699
Iteration,0,190,105.752588,0.541978
Iteration,0,191,106.295242,0.542654
Iteration,0,192,106.835840,0.540598
Iteration,0,193,107.378935,0.543095
Iteration,0,194,107.921140,0.542205
Iteration,0,195,108.463577,0.542437
Iteration,0,196,109.006213,0.542636
Iteration,0,197,109.548369,0.542156
Iteration,0,198,110.091292,0.542923
Iteration,0,199,110.650567,0.559275
Iteration,0,200,111.194672,0.544105
Iteration,0,201,111.736899,0.542227
Iteration,0,202,112.279569,0.542670
Iteration,0,203,112.822062,0.542493
Iteration,0,204,113.364414,0.542352
Iteration,0,205,113.907080,0.542666
Iteration,0,206,114.449646,0.542566
Iteration,0,207,114.991938,0.542292
Iteration,0,208,115.534730,0.542792
Iteration,0,209,116.076855,0.542125
Iteration,0,210,116.619196,0.542341
Iteration,0,211,117.161488,0.542292
Iteration,0,212,117.704157,0.542669
Iteration,0,213,118.246844,0.542687
Iteration,0,214,118.788922,0.542078
Iteration,0,215,119.331682,0.542760
Iteration,0,216,119.874161,0.542479
Iteration,0,217,120.416894,0.542733
Iteration,0,218,120.959483,0.542589
Iteration,0,219,121.512286,0.552803
Iteration,0,220,122.104240,0.591954
Iteration,0,221,122.658996,0.554756
Iteration,0,222,123.201414,0.542418
Iteration,0,223,123.747299,0.545885
Iteration,0,224,124.293185,0.545886
Iteration,0,225,124.835654,0.542469
Iteration,0,226,125.377855,0.542201
Iteration,0,227,125.918685,0.540830
Iteration,0,228,126.459516,0.540831
Iteration,0,229,127.000613,0.541097
Iteration,0,230,127.542100,0.541487
Iteration,0,231,128.084143,0.542043
Iteration,0,232,128.626682,0.542539
Iteration,0,233,129.169305,0.542623
Iteration,0,234,129.711814,0.542509
Iteration,0,235,130.254533,0.542719
Iteration,0,236,130.796645,0.542112
Iteration,0,237,131.339199,0.542554
Iteration,0,238,131.881322,0.542123
Iteration,0,239,132.423887,0.542565
Iteration,0,240,132.966479,0.542592
Iteration,0,241,133.508912,0.542433
Iteration,0,242,134.068683,0.559771
Iteration,0,243,134.612649,0.543966
Iteration,0,244,135.155284,0.542635
Iteration,0,245,135.697621,0.542337
Iteration,0,246,136.239794,0.542173
Iteration,0,247,136.782297,0.542503
Iteration,0,248,137.324833,0.542536
Iteration,0,249,137.867584,0.542751
Iteration,0,250,138.410080,0.542496
Iteration,0,251,138.952656,0.542576
Iteration,0,252,139.495193,0.542537
Iteration,0,253,140.037127,0.541934
Iteration,0,254,140.580111,0.542984
Iteration,0,255,141.122571,0.542460
Iteration,0,256,141.664767,0.542196
Iteration,0,257,142.207415,0.542648
Iteration,0,258,142.749945,0.542530
Iteration,0,259,143.292804,0.542859
Iteration,0,260,143.835348,0.542544
Iteration,0,261,144.377774,0.542426
Iteration,0,262,144.920136,0.542362
Iteration,0,263,145.482641,0.562505
Iteration,0,264,146.024445,0.541804
Iteration,0,265,146.566935,0.542490
Iteration,0,266,147.109870,0.542935
Iteration,0,267,147.651245,0.541375
Iteration,0,268,148.243055,0.591810
Iteration,0,269,148.796070,0.553015
Iteration,0,270,149.339045,0.542975
Iteration,0,271,149.881373,0.542328
Iteration,0,272,150.423845,0.542472
Iteration,0,273,150.966502,0.542657
Iteration,0,274,151.508503,0.542001
Iteration,0,275,152.050744,0.542241
Iteration,0,276,152.592751,0.542007
Iteration,0,277,153.134298,0.541547
Iteration,0,278,153.675535,0.541237
Iteration,0,279,154.216771,0.541236
Iteration,0,280,154.758063,0.541292
Iteration,0,281,155.299393,0.541330
Iteration,0,282,155.841542,0.542149
Iteration,0,283,156.383981,0.542439
Iteration,0,284,156.926372,0.542391
Iteration,0,285,157.468462,0.542090
Iteration,0,286,158.011098,0.542636
Iteration,0,287,158.553622,0.542524
Iteration,0,288,159.096340,0.542718
Iteration,0,289,159.639109,0.542769
Iteration,0,290,160.181153,0.542044
Iteration,0,291,160.723696,0.542543
Iteration,0,292,161.266282,0.542586
Iteration,0,293,161.808515,0.542233
Iteration,0,294,162.368468,0.559953
Iteration,0,295,162.911935,0.543467
Iteration,0,296,163.454759,0.542824
Iteration,0,297,163.996888,0.542129
Iteration,0,298,164.539303,0.542415
Iteration,0,299,165.081340,0.542037
Iteration,0,300,165.623796,0.542456
Iteration,0,301,166.166467,0.542671
Iteration,0,302,166.708308,0.541841
Iteration,0,303,167.251150,0.542842
Iteration,0,304,167.793495,0.542345
Iteration,0,305,168.335759,0.542264
Iteration,0,306,168.878108,0.542349
Iteration,0,307,169.420422,0.542314
Iteration,0,308,169.962900,0.542478
Iteration,0,309,170.504897,0.541997
Iteration,0,310,171.047460,0.542563
Iteration,0,311,171.590422,0.542962
Iteration,0,312,172.132532,0.542110
Iteration,0,313,172.675005,0.542473
Iteration,0,314,173.217467,0.542462
Iteration,0,315,173.759598,0.542131
Iteration,0,316,174.300810,0.541212
Iteration,0,317,174.842442,0.541632
Iteration,0,318,175.383932,0.541490
Iteration,0,319,175.926283,0.542351
Iteration,0,320,176.468281,0.541998
Iteration,0,321,177.010926,0.542645
Iteration,0,322,177.552401,0.541475
Iteration,0,323,178.094738,0.542337
Iteration,0,324,178.636836,0.542098
Iteration,0,325,179.194000,0.557164
Iteration,0,326,179.779065,0.585065
Iteration,0,327,180.321476,0.542411
Iteration,0,328,180.863717,0.542241
Iteration,0,329,181.406228,0.542511
Iteration,0,330,181.948326,0.542098
Iteration,0,331,182.490924,0.542598
Iteration,0,332,183.033097,0.542173
Iteration,0,333,183.575695,0.542598
Iteration,0,334,184.118164,0.542469
Iteration,0,335,184.660373,0.542209
Iteration,0,336,185.202993,0.542620
Iteration,0,337,185.745249,0.542256
Iteration,0,338,186.287707,0.542458
Iteration,0,339,186.830085,0.542378
Iteration,0,340,187.372549,0.542464
Iteration,0,341,187.915035,0.542486
Iteration,0,342,188.458886,0.543851
Iteration,0,343,189.008855,0.549969
Iteration,0,344,189.558837,0.549982
Iteration,0,345,190.108560,0.549723
Iteration,0,346,190.658162,0.549602
Iteration,0,347,191.208153,0.549991
Iteration,0,348,191.752644,0.544491
Iteration,0,349,192.295191,0.542547
Iteration,0,350,192.837464,0.542273
Iteration,0,351,193.380052,0.542588
Iteration,0,352,193.922600,0.542548
Iteration,0,353,194.466380,0.543780
Iteration,0,354,195.016092,0.549712
Iteration,0,355,195.558276,0.542184
Iteration,0,356,196.100242,0.541966
Iteration,0,357,196.661343,0.561101
Iteration,0,358,197.204860,0.543517
Iteration,0,359,197.747352,0.542492
Iteration,0,360,198.289731,0.542379
Iteration,0,361,198.831667,0.541936
Iteration,0,362,199.374467,0.542800
Iteration,0,363,199.916130,0.541663
Iteration,0,364,200.457524,0.541394
Iteration,0,365,200.999279,0.541755
Iteration,0,366,201.541736,0.542457
Iteration,0,367,202.083950,0.542214
Iteration,0,368,202.626466,0.542516
Iteration,0,369,203.168951,0.542485
Iteration,0,370,203.711357,0.542406
Iteration,0,371,204.253996,0.542639
Iteration,0,372,204.796106,0.542110
Iteration,0,373,205.338706,0.542600
Iteration,0,374,205.880497,0.541791
Iteration,0,375,206.422164,0.541667
Iteration,0,376,206.966315,0.544151
Iteration,0,377,207.507642,0.541327
Iteration,0,378,208.047802,0.540160
Iteration,0,379,208.588756,0.540954
Iteration,0,380,209.130130,0.541374
Iteration,0,381,209.671141,0.541011
Iteration,0,382,210.212930,0.541789
Iteration,0,383,210.755404,0.542474
Iteration,0,384,211.297869,0.542465
Iteration,0,385,211.839988,0.542119
Iteration,0,386,212.382760,0.542772
Iteration,0,387,212.925012,0.542252
Iteration,0,388,213.467411,0.542399
Iteration,0,389,214.009707,0.542296
Iteration,0,390,214.552166,0.542459
Iteration,0,391,215.094744,0.542578
Iteration,0,392,215.636802,0.542058
Iteration,0,393,216.179221,0.542419
Iteration,0,394,216.772177,0.592956
Iteration,0,395,217.326698,0.554521
Iteration,0,396,217.868826,0.542128
Iteration,0,397,218.411236,0.542410
Iteration,0,398,218.954565,0.543329
Iteration,0,399,219.497039,0.542474
