Iteration,0,1,1.565657,0.437108
Iteration,0,2,2.001634,0.435977
Iteration,0,3,2.437805,0.436171
Iteration,0,4,2.875710,0.437905
Iteration,0,5,3.309863,0.434153
Iteration,0,6,3.745830,0.435967
Iteration,0,7,4.180737,0.434907
Iteration,0,8,4.614673,0.433936
Iteration,0,9,5.049449,0.434776
Iteration,0,10,5.484084,0.434635
Iteration,0,11,5.919466,0.435382
Iteration,0,12,6.354856,0.435390
Iteration,0,13,6.789945,0.435089
Iteration,0,14,7.226257,0.436312
Iteration,0,15,7.662751,0.436494
Iteration,0,16,8.091218,0.428467
Iteration,0,17,8.525754,0.434536
Iteration,0,18,8.958553,0.432799
Iteration,0,19,9.387616,0.429063
Iteration,0,20,9.822761,0.435145
Iteration,0,21,10.258999,0.436238
Iteration,0,22,10.691204,0.432205
Iteration,0,23,11.123052,0.431848
Iteration,0,24,11.554629,0.431577
Iteration,0,25,11.985871,0.431242
Iteration,0,26,12.416864,0.430993
Iteration,0,27,12.847911,0.431047
Iteration,0,28,13.282373,0.434462
Iteration,0,29,13.714322,0.431949
Iteration,0,30,14.141715,0.427393
Iteration,0,31,14.573343,0.431628
Iteration,0,32,15.006611,0.433268
Iteration,0,33,15.440711,0.434100
Iteration,0,34,15.872952,0.432241
Iteration,0,35,16.307647,0.434695
Iteration,0,36,16.740898,0.433251
Iteration,0,37,17.170553,0.429655
Iteration,0,38,17.600536,0.429983
Iteration,0,39,18.030083,0.429547
Iteration,0,40,18.455340,0.425257
Iteration,0,41,18.885057,0.429717
Iteration,0,42,19.316949,0.431892
Iteration,0,43,19.752657,0.435708
Iteration,0,44,20.185534,0.432877
Iteration,0,45,20.620369,0.434835
Iteration,0,46,21.053238,0.432869
Iteration,0,47,21.485477,0.432239
Iteration,0,48,21.916513,0.431036
Iteration,0,49,22.350700,0.434187
Iteration,0,50,22.781871,0.431171
Iteration,0,51,23.212066,0.430195
Iteration,0,52,23.644879,0.432813
Iteration,0,53,24.076406,0.431527
Iteration,0,54,24.506299,0.429893
Iteration,0,55,24.934002,0.427703
Iteration,0,56,25.362564,0.428562
Iteration,0,57,25.789169,0.426605
Iteration,0,58,26.216414,0.427245
Iteration,0,59,26.643952,0.427538
Iteration,0,60,27.076483,0.432531
Iteration,0,61,27.501242,0.424759
Iteration,0,62,27.926815,0.425573
Iteration,0,63,28.354546,0.427731
Iteration,0,64,28.779492,0.424946
Iteration,0,65,29.208437,0.428945
Iteration,0,66,29.638439,0.430002
Iteration,0,67,30.071557,0.433118
Iteration,0,68,30.497990,0.426433
Iteration,0,69,30.924224,0.426234
Iteration,0,70,31.351423,0.427199
Iteration,0,71,31.776895,0.425472
Iteration,0,72,32.205726,0.428831
Iteration,0,73,32.634845,0.429119
Iteration,0,74,33.063879,0.429034
Iteration,0,75,33.487478,0.423599
Iteration,0,76,33.915041,0.427563
Iteration,0,77,34.347603,0.432562
Iteration,0,78,34.777095,0.429492
Iteration,0,79,35.206080,0.428985
Iteration,0,80,35.635808,0.429728
Iteration,0,81,36.066103,0.430295
Iteration,0,82,36.492397,0.426294
Iteration,0,83,36.919905,0.427508
Iteration,0,84,37.350438,0.430533
Iteration,0,85,37.783912,0.433474
Iteration,0,86,38.217546,0.433634
Iteration,0,87,38.654237,0.436691
Iteration,0,88,39.089963,0.435726
Iteration,0,89,39.522549,0.432586
Iteration,0,90,39.959969,0.437420
Iteration,0,91,40.396684,0.436715
Iteration,0,92,40.831028,0.434344
Iteration,0,93,41.266051,0.435023
Iteration,0,94,41.700872,0.434821
Iteration,0,95,42.134294,0.433422
Iteration,0,96,42.570355,0.436061
Iteration,0,97,43.006583,0.436228
Iteration,0,98,43.439970,0.433387
Iteration,0,99,43.879055,0.439085
Iteration,0,100,44.322740,0.443685
Iteration,0,101,44.768778,0.446038
Iteration,0,102,45.209982,0.441204
Iteration,0,103,45.650361,0.440379
Iteration,0,104,46.087798,0.437437
Iteration,0,105,46.528028,0.440230
Iteration,0,106,46.968509,0.440481
Iteration,0,107,47.410738,0.442229
Iteration,0,108,47.848882,0.438144
Iteration,0,109,48.287731,0.438849
Iteration,0,110,48.727380,0.439649
Iteration,0,111,49.166838,0.439458
Iteration,0,112,49.604929,0.438091
Iteration,0,113,50.041404,0.436475
Iteration,0,114,50.478624,0.437220
Iteration,0,115,50.912717,0.434093
Iteration,0,116,51.348002,0.435285
Iteration,0,117,51.783807,0.435805
Iteration,0,118,52.218983,0.435176
Iteration,0,119,52.655148,0.436165
Iteration,0,120,53.089481,0.434333
Iteration,0,121,53.522996,0.433515
Iteration,0,122,53.954402,0.431406
Iteration,0,123,54.389509,0.435107
Iteration,0,124,54.823801,0.434292
Iteration,0,125,55.258729,0.434928
Iteration,0,126,55.693393,0.434664
Iteration,0,127,56.127978,0.434585
Iteration,0,128,56.565389,0.437411
Iteration,0,129,57.000909,0.435520
Iteration,0,130,57.436342,0.435433
Iteration,0,131,57.872279,0.435937
Iteration,0,132,58.311861,0.439582
Iteration,0,133,58.748574,0.436713
Iteration,0,134,59.183747,0.435173
Iteration,0,135,59.622844,0.439097
Iteration,0,136,60.063653,0.440809
Iteration,0,137,60.501807,0.438154
Iteration,0,138,60.937753,0.435946
Iteration,0,139,61.374167,0.436414
Iteration,0,140,61.811356,0.437189
Iteration,0,141,62.247655,0.436299
Iteration,0,142,62.685424,0.437769
Iteration,0,143,63.124803,0.439379
Iteration,0,144,63.562855,0.438052
Iteration,0,145,64.000395,0.437540
Iteration,0,146,64.442185,0.441790
Iteration,0,147,64.882440,0.440255
Iteration,0,148,65.318284,0.435844
Iteration,0,149,65.757890,0.439606
Iteration,0,150,66.196875,0.438985
Iteration,0,151,66.636089,0.439214
Iteration,0,152,67.074914,0.438825
Iteration,0,153,67.515204,0.440290
Iteration,0,154,67.952751,0.437547
Iteration,0,155,68.387700,0.434949
Iteration,0,156,68.825204,0.437504
Iteration,0,157,69.260764,0.435560
Iteration,0,158,69.698941,0.438177
Iteration,0,159,70.138927,0.439986
Iteration,0,160,70.571805,0.432878
Iteration,0,161,71.003032,0.431227
Iteration,0,162,71.432499,0.429467
Iteration,0,163,71.862026,0.429527
Iteration,0,164,72.291616,0.429590
Iteration,0,165,72.726254,0.434638
Iteration,0,166,73.154759,0.428505
Iteration,0,167,73.589408,0.434649
Iteration,0,168,74.023730,0.434322
Iteration,0,169,74.451963,0.428233
Iteration,0,170,74.883540,0.431577
Iteration,0,171,75.311983,0.428443
Iteration,0,172,75.743845,0.431862
Iteration,0,173,76.176386,0.432541
Iteration,0,174,76.607616,0.431230
Iteration,0,175,77.039117,0.431501
Iteration,0,176,77.470109,0.430992
Iteration,0,177,77.900727,0.430618
Iteration,0,178,78.331530,0.430803
Iteration,0,179,78.760483,0.428953
Iteration,0,180,79.191048,0.430565
Iteration,0,181,79.624104,0.433056
Iteration,0,182,80.060760,0.436656
Iteration,0,183,80.494483,0.433723
Iteration,0,184,80.930297,0.435814
Iteration,0,185,81.369850,0.439553
Iteration,0,186,81.804769,0.434919
Iteration,0,187,82.238915,0.434146
Iteration,0,188,82.670277,0.431362
Iteration,0,189,83.103638,0.433361
Iteration,0,190,83.538250,0.434612
Iteration,0,191,83.969186,0.430936
Iteration,0,192,84.403937,0.434751
Iteration,0,193,84.838228,0.434291
Iteration,0,194,85.268084,0.429856
Iteration,0,195,85.701029,0.432945
Iteration,0,196,86.129361,0.428332
Iteration,0,197,86.557781,0.428420
Iteration,0,198,86.983096,0.425315
Iteration,0,199,87.413834,0.430738
Iteration,0,200,87.845916,0.432082
Iteration,0,201,88.276611,0.430695
Iteration,0,202,88.702726,0.426115
Iteration,0,203,89.134758,0.432032
Iteration,0,204,89.560771,0.426013
Iteration,0,205,89.994074,0.433303
Iteration,0,206,90.427927,0.433853
Iteration,0,207,90.856664,0.428737
Iteration,0,208,91.283981,0.427317
Iteration,0,209,91.711398,0.427417
Iteration,0,210,92.141049,0.429651
Iteration,0,211,92.572647,0.431598
Iteration,0,212,92.999571,0.426924
Iteration,0,213,93.430794,0.431223
Iteration,0,214,93.859708,0.428914
Iteration,0,215,94.283834,0.424126
Iteration,0,216,94.715971,0.432137
Iteration,0,217,95.144952,0.428981
Iteration,0,218,95.575096,0.430144
Iteration,0,219,96.001989,0.426893
Iteration,0,220,96.434575,0.432586
Iteration,0,221,96.865137,0.430562
Iteration,0,222,97.291233,0.426096
Iteration,0,223,97.723651,0.432418
Iteration,0,224,98.155987,0.432336
Iteration,0,225,98.580522,0.424535
Iteration,0,226,99.004892,0.424370
Iteration,0,227,99.437862,0.432970
Iteration,0,228,99.875148,0.437286
Iteration,0,229,100.310733,0.435585
Iteration,0,230,100.744729,0.433996
Iteration,0,231,101.176541,0.431812
Iteration,0,232,101.607673,0.431132
Iteration,0,233,102.035793,0.428120
Iteration,0,234,102.469774,0.433981
Iteration,0,235,102.900915,0.431141
Iteration,0,236,103.331803,0.430888
Iteration,0,237,103.766138,0.434335
Iteration,0,238,104.208282,0.442144
Iteration,0,239,104.648528,0.440246
Iteration,0,240,105.092566,0.444038
Iteration,0,241,105.529671,0.437105
Iteration,0,242,105.967377,0.437706
Iteration,0,243,106.406228,0.438851
Iteration,0,244,106.842474,0.436246
Iteration,0,245,107.276109,0.433635
Iteration,0,246,107.713168,0.437059
Iteration,0,247,108.148782,0.435614
Iteration,0,248,108.583548,0.434766
Iteration,0,249,109.017313,0.433765
Iteration,0,250,109.453747,0.436434
Iteration,0,251,109.890766,0.437019
Iteration,0,252,110.330017,0.439251
Iteration,0,253,110.767207,0.437190
Iteration,0,254,111.203470,0.436263
Iteration,0,255,111.639498,0.436028
Iteration,0,256,112.073621,0.434123
Iteration,0,257,112.509090,0.435469
Iteration,0,258,112.946566,0.437476
Iteration,0,259,113.383751,0.437185
Iteration,0,260,113.820934,0.437183
Iteration,0,261,114.256196,0.435262
Iteration,0,262,114.695113,0.438917
Iteration,0,263,115.131341,0.436228
Iteration,0,264,115.566776,0.435435
Iteration,0,265,116.002835,0.436059
Iteration,0,266,116.437913,0.435078
Iteration,0,267,116.872469,0.434556
Iteration,0,268,117.307195,0.434726
Iteration,0,269,117.742940,0.435745
Iteration,0,270,118.179137,0.436197
Iteration,0,271,118.613833,0.434696
Iteration,0,272,119.050235,0.436402
Iteration,0,273,119.485579,0.435344
Iteration,0,274,119.920872,0.435293
Iteration,0,275,120.355395,0.434523
Iteration,0,276,120.787438,0.432043
Iteration,0,277,121.220898,0.433460
Iteration,0,278,121.652173,0.431275
Iteration,0,279,122.083242,0.431069
Iteration,0,280,122.516506,0.433264
Iteration,0,281,122.948274,0.431768
Iteration,0,282,123.378638,0.430364
Iteration,0,283,123.810257,0.431619
Iteration,0,284,124.243865,0.433608
Iteration,0,285,124.674522,0.430657
Iteration,0,286,125.108065,0.433543
Iteration,0,287,125.540319,0.432254
Iteration,0,288,125.974021,0.433702
Iteration,0,289,126.403444,0.429423
Iteration,0,290,126.835530,0.432086
Iteration,0,291,127.270916,0.435386
Iteration,0,292,127.701403,0.430487
Iteration,0,293,128.128035,0.426632
Iteration,0,294,128.560957,0.432922
Iteration,0,295,128.989797,0.428840
Iteration,0,296,129.423448,0.433651
Iteration,0,297,129.856825,0.433377
Iteration,0,298,130.292220,0.435395
Iteration,0,299,130.728030,0.435810
Iteration,0,300,131.156982,0.428952
Iteration,0,301,131.588787,0.431805
Iteration,0,302,132.018130,0.429343
Iteration,0,303,132.447173,0.429043
Iteration,0,304,132.875051,0.427878
Iteration,0,305,133.309525,0.434474
Iteration,0,306,133.739184,0.429659
Iteration,0,307,134.170798,0.431614
Iteration,0,308,134.604301,0.433503
Iteration,0,309,135.037889,0.433588
Iteration,0,310,135.466517,0.428628
Iteration,0,311,135.897858,0.431341
Iteration,0,312,136.326426,0.428568
Iteration,0,313,136.753184,0.426758
Iteration,0,314,137.179398,0.426214
Iteration,0,315,137.608437,0.429039
Iteration,0,316,138.035388,0.426951
Iteration,0,317,138.461674,0.426286
Iteration,0,318,138.889379,0.427705
Iteration,0,319,139.320492,0.431113
Iteration,0,320,139.749753,0.429261
Iteration,0,321,140.181233,0.431480
Iteration,0,322,140.611375,0.430142
Iteration,0,323,141.042571,0.431196
Iteration,0,324,141.471239,0.428668
Iteration,0,325,141.898853,0.427614
Iteration,0,326,142.332548,0.433695
Iteration,0,327,142.762662,0.430114
Iteration,0,328,143.190458,0.427796
Iteration,0,329,143.622728,0.432270
Iteration,0,330,144.051361,0.428633
Iteration,0,331,144.476198,0.424837
Iteration,0,332,144.906153,0.429955
Iteration,0,333,145.340443,0.434290
Iteration,0,334,145.770398,0.429955
Iteration,0,335,146.193361,0.422963
Iteration,0,336,146.626092,0.432731
Iteration,0,337,147.056727,0.430635
Iteration,0,338,147.485155,0.428428
Iteration,0,339,147.912166,0.427011
Iteration,0,340,148.340688,0.428522
Iteration,0,341,148.765424,0.424736
Iteration,0,342,149.194965,0.429541
Iteration,0,343,149.625927,0.430962
Iteration,0,344,150.061425,0.435498
Iteration,0,345,150.493695,0.432270
Iteration,0,346,150.926588,0.432893
Iteration,0,347,151.358113,0.431525
Iteration,0,348,151.791623,0.433510
Iteration,0,349,152.226353,0.434730
Iteration,0,350,152.662888,0.436535
Iteration,0,351,153.096343,0.433455
Iteration,0,352,153.527445,0.431102
Iteration,0,353,153.960233,0.432788
Iteration,0,354,154.391945,0.431712
Iteration,0,355,154.821788,0.429843
Iteration,0,356,155.250991,0.429203
Iteration,0,357,155.682800,0.431809
Iteration,0,358,156.114861,0.432061
Iteration,0,359,156.548865,0.434004
Iteration,0,360,156.977894,0.429029
Iteration,0,361,157.410990,0.433096
Iteration,0,362,157.843905,0.432915
Iteration,0,363,158.278069,0.434164
Iteration,0,364,158.710686,0.432617
Iteration,0,365,159.144002,0.433316
Iteration,0,366,159.574204,0.430202
Iteration,0,367,160.008628,0.434424
Iteration,0,368,160.444429,0.435801
Iteration,0,369,160.875764,0.431335
Iteration,0,370,161.305973,0.430209
Iteration,0,371,161.737162,0.431189
Iteration,0,372,162.169030,0.431868
Iteration,0,373,162.602265,0.433235
Iteration,0,374,163.033374,0.431109
Iteration,0,375,163.463429,0.430055
Iteration,0,376,163.896236,0.432807
Iteration,0,377,164.332779,0.436543
Iteration,0,378,164.776083,0.443304
Iteration,0,379,165.214795,0.438712
Iteration,0,380,165.651653,0.436858
Iteration,0,381,166.089767,0.438114
Iteration,0,382,166.524994,0.435227
Iteration,0,383,166.960538,0.435544
Iteration,0,384,167.397388,0.436850
Iteration,0,385,167.833402,0.436014
Iteration,0,386,168.270621,0.437219
Iteration,0,387,168.705611,0.434990
Iteration,0,388,169.139995,0.434384
Iteration,0,389,169.577404,0.437409
Iteration,0,390,170.018330,0.440926
Iteration,0,391,170.456168,0.437838
Iteration,0,392,170.894097,0.437929
Iteration,0,393,171.331559,0.437462
Iteration,0,394,171.767693,0.436134
Iteration,0,395,172.202042,0.434349
Iteration,0,396,172.636573,0.434531
Iteration,0,397,173.072019,0.435446
Iteration,0,398,173.510313,0.438294
Iteration,0,399,173.947371,0.437058
