Iteration,0,1,1.675175,0.471087
Iteration,0,2,2.141886,0.466711
Iteration,0,3,2.605584,0.463698
Iteration,0,4,3.130856,0.525272
Iteration,0,5,3.607433,0.476577
Iteration,0,6,4.081436,0.474003
Iteration,0,7,4.550854,0.469418
Iteration,0,8,5.022109,0.471255
Iteration,0,9,5.489963,0.467854
Iteration,0,10,5.953844,0.463881
Iteration,0,11,6.415375,0.461531
Iteration,0,12,6.882127,0.466752
Iteration,0,13,7.346001,0.463874
Iteration,0,14,7.811577,0.465576
Iteration,0,15,8.276003,0.464426
Iteration,0,16,8.740600,0.464597
Iteration,0,17,9.210298,0.469698
Iteration,0,18,9.676194,0.465896
Iteration,0,19,10.144903,0.468709
Iteration,0,20,10.610255,0.465352
Iteration,0,21,11.081414,0.471159
Iteration,0,22,11.551373,0.469959
Iteration,0,23,12.021818,0.470445
Iteration,0,24,12.492152,0.470334
Iteration,0,25,12.962517,0.470365
Iteration,0,26,13.430783,0.468266
Iteration,0,27,13.897416,0.466633
Iteration,0,28,14.365251,0.467835
Iteration,0,29,14.836461,0.471210
Iteration,0,30,15.308484,0.472023
Iteration,0,31,15.776691,0.468207
Iteration,0,32,16.253156,0.476465
Iteration,0,33,16.722359,0.469203
Iteration,0,34,17.188003,0.465644
Iteration,0,35,17.652357,0.464354
Iteration,0,36,18.122464,0.470107
Iteration,0,37,18.593796,0.471332
Iteration,0,38,19.068754,0.474958
Iteration,0,39,19.538277,0.469523
Iteration,0,40,20.005393,0.467116
Iteration,0,41,20.477968,0.472575
Iteration,0,42,20.953490,0.475522
Iteration,0,43,21.422649,0.469159
Iteration,0,44,21.891656,0.469007
Iteration,0,45,22.357732,0.466076
Iteration,0,46,22.825981,0.468249
Iteration,0,47,23.294354,0.468373
Iteration,0,48,23.760095,0.465741
Iteration,0,49,24.230980,0.470885
Iteration,0,50,24.701723,0.470743
Iteration,0,51,25.171292,0.469569
Iteration,0,52,25.639329,0.468037
Iteration,0,53,26.107031,0.467702
Iteration,0,54,26.574077,0.467046
Iteration,0,55,27.038445,0.464368
Iteration,0,56,27.501982,0.463537
Iteration,0,57,27.971472,0.469490
Iteration,0,58,28.434142,0.462670
Iteration,0,59,28.900264,0.466122
Iteration,0,60,29.367067,0.466803
Iteration,0,61,29.831697,0.464630
Iteration,0,62,30.298105,0.466408
Iteration,0,63,30.766115,0.468010
Iteration,0,64,31.245202,0.479087
Iteration,0,65,31.715617,0.470415
Iteration,0,66,32.188931,0.473314
Iteration,0,67,32.657425,0.468494
Iteration,0,68,33.128980,0.471555
Iteration,0,69,33.601295,0.472315
Iteration,0,70,34.071678,0.470383
Iteration,0,71,34.542311,0.470633
Iteration,0,72,35.013827,0.471516
Iteration,0,73,35.479815,0.465988
Iteration,0,74,35.947784,0.467969
Iteration,0,75,36.415963,0.468179
Iteration,0,76,36.885381,0.469418
Iteration,0,77,37.353469,0.468088
Iteration,0,78,37.822629,0.469160
Iteration,0,79,38.294301,0.471672
Iteration,0,80,38.759941,0.465640
Iteration,0,81,39.227462,0.467521
Iteration,0,82,39.690713,0.463251
Iteration,0,83,40.163160,0.472447
Iteration,0,84,40.636801,0.473641
Iteration,0,85,41.110901,0.474100
Iteration,0,86,41.584424,0.473523
Iteration,0,87,42.057201,0.472777
Iteration,0,88,42.529228,0.472027
Iteration,0,89,43.003809,0.474581
Iteration,0,90,43.473905,0.470096
Iteration,0,91,43.947648,0.473743
Iteration,0,92,44.421243,0.473595
Iteration,0,93,44.892228,0.470985
Iteration,0,94,45.359465,0.467237
Iteration,0,95,45.830233,0.470768
Iteration,0,96,46.302792,0.472559
Iteration,0,97,46.776848,0.474056
Iteration,0,98,47.248230,0.471382
Iteration,0,99,47.719784,0.471554
Iteration,0,100,48.192853,0.473069
Iteration,0,101,48.662372,0.469519
Iteration,0,102,49.136225,0.473853
Iteration,0,103,49.607375,0.471150
Iteration,0,104,50.078229,0.470854
Iteration,0,105,50.550097,0.471868
Iteration,0,106,51.020415,0.470318
Iteration,0,107,51.490711,0.470296
Iteration,0,108,51.964091,0.473380
Iteration,0,109,52.437879,0.473788
Iteration,0,110,52.910085,0.472206
Iteration,0,111,53.380979,0.470894
Iteration,0,112,53.852974,0.471995
Iteration,0,113,54.328004,0.475030
Iteration,0,114,54.794675,0.466671
Iteration,0,115,55.262765,0.468090
Iteration,0,116,55.730040,0.467275
Iteration,0,117,56.199919,0.469879
Iteration,0,118,56.663736,0.463817
Iteration,0,119,57.129239,0.465503
Iteration,0,120,57.598057,0.468818
Iteration,0,121,58.065726,0.467669
Iteration,0,122,58.531922,0.466196
Iteration,0,123,58.999482,0.467560
Iteration,0,124,59.471384,0.471902
Iteration,0,125,59.940543,0.469159
Iteration,0,126,60.414029,0.473486
Iteration,0,127,60.878461,0.464432
Iteration,0,128,61.346860,0.468399
Iteration,0,129,61.814386,0.467526
Iteration,0,130,62.283899,0.469513
Iteration,0,131,62.755772,0.471873
Iteration,0,132,63.227917,0.472145
Iteration,0,133,63.695118,0.467201
Iteration,0,134,64.165651,0.470533
Iteration,0,135,64.637583,0.471932
Iteration,0,136,65.111007,0.473424
Iteration,0,137,65.583911,0.472904
Iteration,0,138,66.053907,0.469996
Iteration,0,139,66.523158,0.469251
Iteration,0,140,66.996615,0.473457
Iteration,0,141,67.465946,0.469331
Iteration,0,142,67.935241,0.469295
Iteration,0,143,68.401344,0.466103
Iteration,0,144,68.872378,0.471034
Iteration,0,145,69.345141,0.472763
Iteration,0,146,69.817899,0.472758
Iteration,0,147,70.287497,0.469598
Iteration,0,148,70.750914,0.463417
Iteration,0,149,71.226618,0.475704
Iteration,0,150,71.697900,0.471282
Iteration,0,151,72.169935,0.472035
Iteration,0,152,72.640872,0.470937
Iteration,0,153,73.113730,0.472858
Iteration,0,154,73.589539,0.475809
Iteration,0,155,74.057544,0.468005
Iteration,0,156,74.526647,0.469103
Iteration,0,157,74.992215,0.465568
Iteration,0,158,75.457947,0.465732
Iteration,0,159,75.928799,0.470852
Iteration,0,160,76.396003,0.467204
Iteration,0,161,76.861057,0.465054
Iteration,0,162,77.321393,0.460336
Iteration,0,163,77.779424,0.458031
Iteration,0,164,78.244825,0.465401
Iteration,0,165,78.708810,0.463985
Iteration,0,166,79.175787,0.466977
Iteration,0,167,79.641242,0.465455
Iteration,0,168,80.111715,0.470473
Iteration,0,169,80.579856,0.468141
Iteration,0,170,81.048672,0.468816
Iteration,0,171,81.512284,0.463612
Iteration,0,172,81.978130,0.465846
Iteration,0,173,82.448172,0.470042
Iteration,0,174,82.917385,0.469213
Iteration,0,175,83.387879,0.470494
Iteration,0,176,83.855683,0.467804
Iteration,0,177,84.325872,0.470189
Iteration,0,178,84.793006,0.467134
Iteration,0,179,85.258172,0.465166
Iteration,0,180,85.724755,0.466583
Iteration,0,181,86.192911,0.468156
Iteration,0,182,86.658422,0.465511
Iteration,0,183,87.123484,0.465062
Iteration,0,184,87.592750,0.469266
Iteration,0,185,88.064740,0.471990
Iteration,0,186,88.528957,0.464217
Iteration,0,187,88.994830,0.465873
Iteration,0,188,89.459397,0.464567
Iteration,0,189,89.925431,0.466034
Iteration,0,190,90.392818,0.467387
Iteration,0,191,90.862688,0.469870
Iteration,0,192,91.333032,0.470344
Iteration,0,193,91.797874,0.464842
Iteration,0,194,92.268426,0.470552
Iteration,0,195,92.741396,0.472970
Iteration,0,196,93.209358,0.467962
Iteration,0,197,93.677230,0.467872
Iteration,0,198,94.147652,0.470422
Iteration,0,199,94.614008,0.466356
Iteration,0,200,95.082758,0.468750
Iteration,0,201,95.548024,0.465266
Iteration,0,202,96.015855,0.467831
Iteration,0,203,96.485105,0.469250
Iteration,0,204,96.953792,0.468687
Iteration,0,205,97.425468,0.471676
Iteration,0,206,97.894451,0.468983
Iteration,0,207,98.365265,0.470814
Iteration,0,208,98.836083,0.470818
Iteration,0,209,99.300546,0.464463
Iteration,0,210,99.769560,0.469014
Iteration,0,211,100.237144,0.467584
Iteration,0,212,100.706068,0.468924
Iteration,0,213,101.179421,0.473353
Iteration,0,214,101.649607,0.470186
Iteration,0,215,102.123153,0.473546
Iteration,0,216,102.594627,0.471474
Iteration,0,217,103.066147,0.471520
Iteration,0,218,103.536038,0.469891
Iteration,0,219,104.005427,0.469389
Iteration,0,220,104.474623,0.469196
Iteration,0,221,104.943249,0.468626
Iteration,0,222,105.409773,0.466524
Iteration,0,223,105.880751,0.470978
Iteration,0,224,106.350636,0.469885
Iteration,0,225,106.818867,0.468231
Iteration,0,226,107.282131,0.463264
Iteration,0,227,107.747692,0.465561
Iteration,0,228,108.215153,0.467461
Iteration,0,229,108.685175,0.470022
Iteration,0,230,109.155435,0.470260
Iteration,0,231,109.628038,0.472603
Iteration,0,232,110.096406,0.468368
Iteration,0,233,110.563166,0.466760
Iteration,0,234,111.032896,0.469730
Iteration,0,235,111.501428,0.468532
Iteration,0,236,111.970133,0.468705
Iteration,0,237,112.441969,0.471836
Iteration,0,238,112.913186,0.471217
Iteration,0,239,113.380423,0.467237
Iteration,0,240,113.848174,0.467751
Iteration,0,241,114.315068,0.466894
Iteration,0,242,114.781238,0.466170
Iteration,0,243,115.251067,0.469829
Iteration,0,244,115.717367,0.466300
Iteration,0,245,116.184341,0.466974
Iteration,0,246,116.646179,0.461838
Iteration,0,247,117.111073,0.464894
Iteration,0,248,117.579919,0.468846
Iteration,0,249,118.044798,0.464879
Iteration,0,250,118.510145,0.465347
Iteration,0,251,118.979458,0.469313
Iteration,0,252,119.451568,0.472110
Iteration,0,253,119.920054,0.468486
Iteration,0,254,120.380536,0.460482
Iteration,0,255,120.848080,0.467544
Iteration,0,256,121.317414,0.469334
Iteration,0,257,121.787320,0.469906
Iteration,0,258,122.257633,0.470313
Iteration,0,259,122.732339,0.474706
Iteration,0,260,123.205504,0.473165
Iteration,0,261,123.673496,0.467992
Iteration,0,262,124.139665,0.466169
Iteration,0,263,124.605780,0.466115
Iteration,0,264,125.075911,0.470131
Iteration,0,265,125.539891,0.463980
Iteration,0,266,126.009921,0.470030
Iteration,0,267,126.474122,0.464201
Iteration,0,268,126.943020,0.468898
Iteration,0,269,127.408060,0.465040
Iteration,0,270,127.873439,0.465379
Iteration,0,271,128.337496,0.464057
Iteration,0,272,128.805346,0.467850
Iteration,0,273,129.273503,0.468157
Iteration,0,274,129.739560,0.466057
Iteration,0,275,130.205738,0.466178
Iteration,0,276,130.669826,0.464088
Iteration,0,277,131.137660,0.467834
Iteration,0,278,131.610763,0.473103
Iteration,0,279,132.078292,0.467529
Iteration,0,280,132.548698,0.470406
Iteration,0,281,133.019942,0.471244
Iteration,0,282,133.491166,0.471224
Iteration,0,283,133.956000,0.464834
Iteration,0,284,134.420780,0.464780
Iteration,0,285,134.883756,0.462976
Iteration,0,286,135.348967,0.465211
Iteration,0,287,135.812902,0.463935
Iteration,0,288,136.280411,0.467509
Iteration,0,289,136.746235,0.465824
Iteration,0,290,137.209153,0.462918
Iteration,0,291,137.671390,0.462237
Iteration,0,292,138.134461,0.463071
Iteration,0,293,138.603589,0.469128
Iteration,0,294,139.069894,0.466305
Iteration,0,295,139.537124,0.467230
Iteration,0,296,140.001457,0.464333
Iteration,0,297,140.469298,0.467841
Iteration,0,298,140.940103,0.470805
Iteration,0,299,141.408981,0.468878
Iteration,0,300,141.880721,0.471740
Iteration,0,301,142.350062,0.469341
Iteration,0,302,142.818948,0.468886
Iteration,0,303,143.286633,0.467685
Iteration,0,304,143.750607,0.463974
Iteration,0,305,144.216504,0.465897
Iteration,0,306,144.680679,0.464175
Iteration,0,307,145.148603,0.467924
Iteration,0,308,145.613701,0.465098
Iteration,0,309,146.079214,0.465513
Iteration,0,310,146.542744,0.463530
Iteration,0,311,147.009424,0.466680
Iteration,0,312,147.472431,0.463007
Iteration,0,313,147.940852,0.468421
Iteration,0,314,148.407040,0.466188
Iteration,0,315,148.870121,0.463081
Iteration,0,316,149.332263,0.462142
Iteration,0,317,149.795782,0.463519
Iteration,0,318,150.255945,0.460163
Iteration,0,319,150.720741,0.464796
Iteration,0,320,151.191359,0.470618
Iteration,0,321,151.663003,0.471644
Iteration,0,322,152.133697,0.470694
Iteration,0,323,152.600280,0.466583
Iteration,0,324,153.065849,0.465569
Iteration,0,325,153.524252,0.458403
Iteration,0,326,153.986737,0.462485
Iteration,0,327,154.448372,0.461635
Iteration,0,328,154.914626,0.466254
Iteration,0,329,155.375063,0.460437
Iteration,0,330,155.839992,0.464929
Iteration,0,331,156.298698,0.458706
Iteration,0,332,156.761949,0.463251
Iteration,0,333,157.225253,0.463304
Iteration,0,334,157.690083,0.464830
Iteration,0,335,158.161354,0.471271
Iteration,0,336,158.620748,0.459394
Iteration,0,337,159.080482,0.459734
Iteration,0,338,159.539599,0.459117
Iteration,0,339,160.002352,0.462753
Iteration,0,340,160.462762,0.460410
Iteration,0,341,160.928753,0.465991
Iteration,0,342,161.398701,0.469948
Iteration,0,343,161.866110,0.467409
Iteration,0,344,162.337316,0.471206
Iteration,0,345,162.806247,0.468931
Iteration,0,346,163.271000,0.464753
Iteration,0,347,163.730921,0.459921
Iteration,0,348,164.193486,0.462565
Iteration,0,349,164.656496,0.463010
Iteration,0,350,165.118327,0.461831
Iteration,0,351,165.578212,0.459885
Iteration,0,352,166.043360,0.465148
Iteration,0,353,166.567550,0.524190
Iteration,0,354,167.075772,0.508222
Iteration,0,355,167.539514,0.463742
Iteration,0,356,168.007500,0.467986
Iteration,0,357,168.470328,0.462828
Iteration,0,358,168.932026,0.461698
Iteration,0,359,169.394893,0.462867
Iteration,0,360,169.856706,0.461813
Iteration,0,361,170.321311,0.464605
Iteration,0,362,170.783339,0.462028
Iteration,0,363,171.249043,0.465704
Iteration,0,364,171.713952,0.464909
Iteration,0,365,172.177586,0.463634
Iteration,0,366,172.641807,0.464221
Iteration,0,367,173.102417,0.460610
Iteration,0,368,173.560389,0.457972
Iteration,0,369,174.018635,0.458246
Iteration,0,370,174.480363,0.461728
Iteration,0,371,174.943931,0.463568
Iteration,0,372,175.404637,0.460706
Iteration,0,373,175.869121,0.464484
Iteration,0,374,176.329856,0.460735
Iteration,0,375,176.789598,0.459742
Iteration,0,376,177.254669,0.465071
Iteration,0,377,177.721601,0.466932
Iteration,0,378,178.184709,0.463108
Iteration,0,379,178.648851,0.464142
Iteration,0,380,179.112617,0.463766
Iteration,0,381,179.575861,0.463244
Iteration,0,382,180.041128,0.465267
Iteration,0,383,180.505910,0.464782
Iteration,0,384,180.973451,0.467541
Iteration,0,385,181.442949,0.469498
Iteration,0,386,181.905505,0.462556
Iteration,0,387,182.366577,0.461072
Iteration,0,388,182.827801,0.461224
Iteration,0,389,183.288124,0.460323
Iteration,0,390,183.748647,0.460523
Iteration,0,391,184.210937,0.462290
Iteration,0,392,184.675977,0.465040
Iteration,0,393,185.146039,0.470062
Iteration,0,394,185.610739,0.464700
Iteration,0,395,186.075563,0.464824
Iteration,0,396,186.535295,0.459732
Iteration,0,397,187.002887,0.467592
Iteration,0,398,187.468429,0.465542
Iteration,0,399,187.930959,0.462530
