Iteration,0,1,3.800165,1.434872
Iteration,0,2,5.235442,1.435277
Iteration,0,3,6.672848,1.437406
Iteration,0,4,8.109952,1.437104
Iteration,0,5,9.547074,1.437122
Iteration,0,6,10.985770,1.438696
Iteration,0,7,12.424506,1.438736
Iteration,0,8,13.859493,1.434987
Iteration,0,9,15.291339,1.431846
Iteration,0,10,16.726259,1.434920
Iteration,0,11,18.162301,1.436042
Iteration,0,12,19.596736,1.434435
Iteration,0,13,21.036340,1.439604
Iteration,0,14,22.471401,1.435061
Iteration,0,15,23.908968,1.437567
Iteration,0,16,25.345064,1.436096
Iteration,0,17,26.776939,1.431875
Iteration,0,18,28.209178,1.432239
Iteration,0,19,29.643635,1.434457
Iteration,0,20,31.075661,1.432026
Iteration,0,21,32.510401,1.434740
Iteration,0,22,33.948090,1.437689
Iteration,0,23,35.382357,1.434267
Iteration,0,24,36.817114,1.434757
Iteration,0,25,38.256587,1.439473
Iteration,0,26,39.694236,1.437649
Iteration,0,27,41.131802,1.437566
Iteration,0,28,42.570062,1.438260
Iteration,0,29,44.005016,1.434954
Iteration,0,30,45.440705,1.435689
Iteration,0,31,46.876813,1.436108
Iteration,0,32,48.313567,1.436754
Iteration,0,33,49.748182,1.434615
Iteration,0,34,51.181816,1.433634
Iteration,0,35,52.612689,1.430873
Iteration,0,36,54.045637,1.432948
Iteration,0,37,55.480730,1.435093
Iteration,0,38,56.914034,1.433304
Iteration,0,39,58.345330,1.431296
Iteration,0,40,59.779228,1.433898
Iteration,0,41,61.216253,1.437025
Iteration,0,42,62.653530,1.437277
Iteration,0,43,64.088183,1.434653
Iteration,0,44,65.521265,1.433082
Iteration,0,45,66.957875,1.436610
Iteration,0,46,68.408501,1.450626
Iteration,0,47,69.848813,1.440312
Iteration,0,48,71.282706,1.433893
Iteration,0,49,72.716046,1.433340
Iteration,0,50,74.150129,1.434083
Iteration,0,51,75.584610,1.434481
Iteration,0,52,77.021937,1.437327
Iteration,0,53,78.458277,1.436340
Iteration,0,54,79.900365,1.442088
Iteration,0,55,81.336689,1.436324
Iteration,0,56,82.770286,1.433597
Iteration,0,57,84.205329,1.435043
Iteration,0,58,85.642302,1.436973
Iteration,0,59,87.081011,1.438709
Iteration,0,60,88.513922,1.432911
Iteration,0,61,89.951150,1.437228
Iteration,0,62,91.386137,1.434987
Iteration,0,63,92.825121,1.438984
Iteration,0,64,94.259554,1.434433
Iteration,0,65,95.696179,1.436625
Iteration,0,66,97.133089,1.436910
Iteration,0,67,98.570412,1.437323
Iteration,0,68,100.006049,1.435637
Iteration,0,69,101.439351,1.433302
Iteration,0,70,102.875864,1.436513
Iteration,0,71,104.311292,1.435428
Iteration,0,72,105.746206,1.434914
Iteration,0,73,107.181890,1.435684
Iteration,0,74,108.616535,1.434645
Iteration,0,75,110.048703,1.432168
Iteration,0,76,111.486571,1.437868
Iteration,0,77,112.923462,1.436891
Iteration,0,78,114.358739,1.435277
Iteration,0,79,115.795072,1.436333
Iteration,0,80,117.233654,1.438582
Iteration,0,81,118.670078,1.436424
Iteration,0,82,120.105583,1.435505
Iteration,0,83,121.543129,1.437546
Iteration,0,84,122.981339,1.438210
Iteration,0,85,124.423647,1.442308
Iteration,0,86,125.861578,1.437931
Iteration,0,87,127.298663,1.437085
Iteration,0,88,128.737638,1.438975
Iteration,0,89,130.173221,1.435583
Iteration,0,90,131.611522,1.438301
Iteration,0,91,133.048181,1.436659
Iteration,0,92,134.481103,1.432922
Iteration,0,93,135.916453,1.435350
Iteration,0,94,137.353099,1.436646
Iteration,0,95,138.792652,1.439553
Iteration,0,96,140.228793,1.436141
Iteration,0,97,141.666582,1.437789
Iteration,0,98,143.103556,1.436974
Iteration,0,99,144.540389,1.436833
Iteration,0,100,145.974256,1.433867
Iteration,0,101,147.409627,1.435371
Iteration,0,102,148.849962,1.440335
Iteration,0,103,150.289166,1.439204
Iteration,0,104,151.727402,1.438236
Iteration,0,105,153.164362,1.436960
Iteration,0,106,154.600615,1.436253
Iteration,0,107,156.038341,1.437726
Iteration,0,108,157.475841,1.437500
Iteration,0,109,158.909992,1.434151
Iteration,0,110,160.342569,1.432577
Iteration,0,111,161.778832,1.436263
Iteration,0,112,163.218316,1.439484
Iteration,0,113,164.652921,1.434605
Iteration,0,114,166.088561,1.435640
Iteration,0,115,167.525737,1.437176
Iteration,0,116,168.962718,1.436981
Iteration,0,117,170.398815,1.436097
Iteration,0,118,171.835669,1.436854
Iteration,0,119,173.274471,1.438802
Iteration,0,120,174.709096,1.434625
Iteration,0,121,176.144650,1.435554
Iteration,0,122,177.581677,1.437027
Iteration,0,123,179.020378,1.438701
Iteration,0,124,180.455595,1.435217
Iteration,0,125,181.895686,1.440091
Iteration,0,126,183.331154,1.435468
Iteration,0,127,184.765864,1.434710
Iteration,0,128,186.198649,1.432785
Iteration,0,129,187.632771,1.434122
Iteration,0,130,189.070221,1.437450
Iteration,0,131,190.507923,1.437702
Iteration,0,132,191.940688,1.432765
Iteration,0,133,193.377024,1.436336
Iteration,0,134,194.810000,1.432976
Iteration,0,135,196.241364,1.431364
Iteration,0,136,197.675475,1.434111
Iteration,0,137,199.109226,1.433751
Iteration,0,138,200.541169,1.431943
Iteration,0,139,201.972619,1.431450
Iteration,0,140,203.402920,1.430301
Iteration,0,141,204.834967,1.432047
Iteration,0,142,206.268919,1.433952
Iteration,0,143,207.704335,1.435416
Iteration,0,144,209.142977,1.438642
Iteration,0,145,210.577772,1.434795
Iteration,0,146,212.011632,1.433860
Iteration,0,147,213.446953,1.435321
Iteration,0,148,214.882686,1.435733
Iteration,0,149,216.322444,1.439758
Iteration,0,150,217.757685,1.435241
Iteration,0,151,219.192913,1.435228
Iteration,0,152,220.629803,1.436890
Iteration,0,153,222.063131,1.433328
Iteration,0,154,223.497202,1.434071
Iteration,0,155,224.937297,1.440095
Iteration,0,156,226.373092,1.435795
Iteration,0,157,227.807117,1.434025
Iteration,0,158,229.241957,1.434840
Iteration,0,159,230.676074,1.434117
Iteration,0,160,232.109736,1.433662
Iteration,0,161,233.545766,1.436030
Iteration,0,162,234.980828,1.435062
Iteration,0,163,236.414248,1.433420
Iteration,0,164,237.850092,1.435844
Iteration,0,165,239.285603,1.435511
Iteration,0,166,240.721893,1.436290
Iteration,0,167,242.156237,1.434344
Iteration,0,168,243.594544,1.438307
Iteration,0,169,245.030629,1.436085
Iteration,0,170,246.464553,1.433924
Iteration,0,171,247.900804,1.436251
Iteration,0,172,249.337371,1.436567
Iteration,0,173,250.774633,1.437262
Iteration,0,174,252.208109,1.433476
Iteration,0,175,253.644764,1.436655
Iteration,0,176,255.081948,1.437184
Iteration,0,177,256.514984,1.433036
Iteration,0,178,257.949440,1.434456
Iteration,0,179,259.384442,1.435002
Iteration,0,180,260.821716,1.437274
Iteration,0,181,262.259835,1.438119
Iteration,0,182,263.696341,1.436506
Iteration,0,183,265.127493,1.431152
Iteration,0,184,266.561244,1.433751
Iteration,0,185,267.998821,1.437577
Iteration,0,186,269.431962,1.433141
Iteration,0,187,270.866118,1.434156
Iteration,0,188,272.300031,1.433913
Iteration,0,189,273.733282,1.433251
Iteration,0,190,275.166714,1.433432
Iteration,0,191,276.604432,1.437718
Iteration,0,192,278.038405,1.433973
Iteration,0,193,279.470921,1.432516
Iteration,0,194,280.904722,1.433801
Iteration,0,195,282.337546,1.432824
Iteration,0,196,283.770468,1.432922
Iteration,0,197,285.204258,1.433790
Iteration,0,198,286.638530,1.434272
Iteration,0,199,288.075113,1.436583
