Iteration,0,1,6.839975,1.971720
Iteration,0,2,8.797289,1.957314
Iteration,0,3,10.758006,1.960717
Iteration,0,4,12.709573,1.951567
Iteration,0,5,14.649399,1.939826
Iteration,0,6,16.585811,1.936412
Iteration,0,7,18.539793,1.953982
Iteration,0,8,20.491062,1.951269
Iteration,0,9,22.448558,1.957496
Iteration,0,10,24.396315,1.947757
Iteration,0,11,26.345388,1.949073
Iteration,0,12,28.314605,1.969217
Iteration,0,13,30.282913,1.968308
Iteration,0,14,32.240466,1.957553
Iteration,0,15,34.218051,1.977585
Iteration,0,16,36.178829,1.960778
Iteration,0,17,38.160052,1.981223
Iteration,0,18,40.113807,1.953755
Iteration,0,19,42.062756,1.948949
Iteration,0,20,44.008652,1.945896
Iteration,0,21,45.954412,1.945760
Iteration,0,22,47.897140,1.942728
Iteration,0,23,49.845868,1.948728
Iteration,0,24,51.823282,1.977414
Iteration,0,25,53.789468,1.966186
Iteration,0,26,55.732464,1.942996
Iteration,0,27,57.683707,1.951243
Iteration,0,28,59.652401,1.968694
Iteration,0,29,61.599322,1.946921
Iteration,0,30,63.559007,1.959685
Iteration,0,31,65.511973,1.952966
Iteration,0,32,67.462647,1.950674
Iteration,0,33,69.409800,1.947153
Iteration,0,34,71.352779,1.942979
Iteration,0,35,73.305404,1.952625
Iteration,0,36,75.252773,1.947369
Iteration,0,37,77.200046,1.947273
Iteration,0,38,79.142562,1.942516
Iteration,0,39,81.091375,1.948813
Iteration,0,40,83.038052,1.946677
Iteration,0,41,84.989895,1.951843
Iteration,0,42,86.935043,1.945148
Iteration,0,43,88.902308,1.967265
Iteration,0,44,90.868378,1.966070
Iteration,0,45,92.831295,1.962917
Iteration,0,46,94.800583,1.969288
Iteration,0,47,96.780419,1.979836
Iteration,0,48,98.738224,1.957805
Iteration,0,49,100.691937,1.953713
Iteration,0,50,102.638036,1.946099
Iteration,0,51,104.587590,1.949554
Iteration,0,52,106.525950,1.938360
Iteration,0,53,108.472534,1.946584
Iteration,0,54,110.424530,1.951996
Iteration,0,55,112.366839,1.942309
Iteration,0,56,114.315332,1.948493
Iteration,0,57,116.276716,1.961384
Iteration,0,58,118.242757,1.966041
Iteration,0,59,120.191196,1.948439
Iteration,0,60,122.159992,1.968796
Iteration,0,61,124.135573,1.975581
Iteration,0,62,126.093127,1.957554
Iteration,0,63,128.062959,1.969832
Iteration,0,64,130.022152,1.959193
Iteration,0,65,132.004326,1.982174
Iteration,0,66,133.969733,1.965407
Iteration,0,67,135.907792,1.938059
Iteration,0,68,137.858209,1.950417
Iteration,0,69,139.804484,1.946275
Iteration,0,70,141.773376,1.968892
Iteration,0,71,143.712432,1.939056
Iteration,0,72,145.662062,1.949630
Iteration,0,73,147.615619,1.953557
Iteration,0,74,149.577707,1.962088
Iteration,0,75,151.528078,1.950371
Iteration,0,76,153.488844,1.960766
Iteration,0,77,155.450526,1.961682
Iteration,0,78,157.406738,1.956212
Iteration,0,79,159.348074,1.941336
Iteration,0,80,161.283965,1.935891
Iteration,0,81,163.227266,1.943301
Iteration,0,82,165.173988,1.946722
Iteration,0,83,167.135692,1.961704
Iteration,0,84,169.090592,1.954900
Iteration,0,85,171.028619,1.938027
Iteration,0,86,172.985292,1.956673
Iteration,0,87,174.937945,1.952653
Iteration,0,88,176.889918,1.951973
Iteration,0,89,178.855162,1.965244
Iteration,0,90,180.805606,1.950444
Iteration,0,91,182.758928,1.953322
Iteration,0,92,184.703982,1.945054
Iteration,0,93,186.658601,1.954619
Iteration,0,94,188.599985,1.941384
Iteration,0,95,190.551823,1.951838
Iteration,0,96,192.508095,1.956272
Iteration,0,97,194.456001,1.947906
Iteration,0,98,196.412514,1.956513
Iteration,0,99,198.373743,1.961229
Iteration,0,100,200.317866,1.944123
Iteration,0,101,202.273893,1.956027
Iteration,0,102,204.237457,1.963564
Iteration,0,103,206.194013,1.956556
Iteration,0,104,208.147863,1.953850
Iteration,0,105,210.084616,1.936753
Iteration,0,106,212.025620,1.941004
Iteration,0,107,213.964566,1.938946
Iteration,0,108,215.902463,1.937897
Iteration,0,109,217.843635,1.941172
Iteration,0,110,219.785082,1.941447
Iteration,0,111,221.732519,1.947437
Iteration,0,112,223.685313,1.952794
Iteration,0,113,225.628288,1.942975
Iteration,0,114,227.567377,1.939089
Iteration,0,115,229.514384,1.947007
Iteration,0,116,231.464316,1.949932
Iteration,0,117,233.423679,1.959363
Iteration,0,118,235.383042,1.959363
Iteration,0,119,237.341539,1.958497
Iteration,0,120,239.299497,1.957958
Iteration,0,121,241.242940,1.943443
Iteration,0,122,243.177959,1.935019
Iteration,0,123,245.117861,1.939902
Iteration,0,124,247.085748,1.967887
Iteration,0,125,249.025357,1.939609
Iteration,0,126,250.979415,1.954058
Iteration,0,127,252.916296,1.936881
Iteration,0,128,254.876932,1.960636
Iteration,0,129,256.837762,1.960830
Iteration,0,130,258.801497,1.963735
Iteration,0,131,260.756138,1.954641
Iteration,0,132,262.724546,1.968408
Iteration,0,133,264.681661,1.957115
Iteration,0,134,266.621284,1.939623
Iteration,0,135,268.566159,1.944875
Iteration,0,136,270.504724,1.938565
Iteration,0,137,272.452289,1.947565
Iteration,0,138,274.387859,1.935570
Iteration,0,139,276.329055,1.941196
Iteration,0,140,278.278531,1.949476
Iteration,0,141,280.233923,1.955392
Iteration,0,142,282.179252,1.945329
Iteration,0,143,284.128748,1.949496
Iteration,0,144,286.076594,1.947846
Iteration,0,145,288.028854,1.952260
Iteration,0,146,289.979574,1.950720
Iteration,0,147,291.942074,1.962500
Iteration,0,148,293.921195,1.979121
Iteration,0,149,295.874220,1.953025
Iteration,0,150,297.844677,1.970457
Iteration,0,151,299.811721,1.967044
Iteration,0,152,301.778131,1.966410
Iteration,0,153,303.725511,1.947380
Iteration,0,154,305.681948,1.956437
Iteration,0,155,307.635874,1.953926
Iteration,0,156,309.589740,1.953866
Iteration,0,157,311.536182,1.946442
Iteration,0,158,313.482559,1.946377
Iteration,0,159,315.452545,1.969986
Iteration,0,160,317.407145,1.954600
Iteration,0,161,319.374538,1.967393
Iteration,0,162,321.325608,1.951070
Iteration,0,163,323.270264,1.944656
Iteration,0,164,325.228558,1.958294
Iteration,0,165,327.167324,1.938766
Iteration,0,166,329.121096,1.953772
Iteration,0,167,331.068161,1.947065
Iteration,0,168,333.043838,1.975677
Iteration,0,169,335.001307,1.957469
Iteration,0,170,336.974248,1.972941
Iteration,0,171,338.920508,1.946260
Iteration,0,172,340.874411,1.953903
Iteration,0,173,342.829107,1.954696
Iteration,0,174,344.785168,1.956061
Iteration,0,175,346.736151,1.950983
Iteration,0,176,348.698123,1.961972
Iteration,0,177,350.650251,1.952128
Iteration,0,178,352.594018,1.943767
Iteration,0,179,354.540194,1.946176
Iteration,0,180,356.476448,1.936254
Iteration,0,181,358.425580,1.949132
Iteration,0,182,360.361942,1.936362
Iteration,0,183,362.300643,1.938701
Iteration,0,184,364.246464,1.945821
Iteration,0,185,366.205051,1.958587
Iteration,0,186,368.184408,1.979357
Iteration,0,187,370.134877,1.950469
Iteration,0,188,372.090840,1.955963
Iteration,0,189,374.043816,1.952976
Iteration,0,190,376.000394,1.956578
Iteration,0,191,377.976555,1.976161
Iteration,0,192,379.945825,1.969270
Iteration,0,193,381.897038,1.951213
Iteration,0,194,383.837506,1.940468
Iteration,0,195,385.796498,1.958992
Iteration,0,196,387.743810,1.947312
Iteration,0,197,389.702743,1.958933
Iteration,0,198,391.725924,2.023181
Iteration,0,199,393.681205,1.955281
Iteration,0,200,395.630475,1.949270
Iteration,0,201,397.590998,1.960523
Iteration,0,202,399.550884,1.959886
Iteration,0,203,401.513382,1.962498
Iteration,0,204,403.476673,1.963291
Iteration,0,205,405.432244,1.955571
Iteration,0,206,407.378471,1.946227
Iteration,0,207,409.325772,1.947301
Iteration,0,208,411.284921,1.959149
Iteration,0,209,413.252925,1.968004
Iteration,0,210,415.217925,1.965000
Iteration,0,211,417.177879,1.959954
Iteration,0,212,419.157260,1.979381
Iteration,0,213,421.106576,1.949316
Iteration,0,214,423.066214,1.959638
Iteration,0,215,425.020320,1.954106
Iteration,0,216,426.980896,1.960576
Iteration,0,217,428.940147,1.959251
Iteration,0,218,430.883748,1.943601
Iteration,0,219,432.827953,1.944205
Iteration,0,220,434.772897,1.944944
Iteration,0,221,436.716284,1.943387
Iteration,0,222,438.661508,1.945224
Iteration,0,223,440.600172,1.938664
Iteration,0,224,442.552025,1.951853
Iteration,0,225,444.496200,1.944175
Iteration,0,226,446.445564,1.949364
Iteration,0,227,448.391461,1.945897
Iteration,0,228,450.347723,1.956262
Iteration,0,229,452.297810,1.950087
Iteration,0,230,454.253467,1.955657
Iteration,0,231,456.199058,1.945591
Iteration,0,232,458.156194,1.957136
Iteration,0,233,460.116119,1.959925
Iteration,0,234,462.053955,1.937836
Iteration,0,235,463.996141,1.942186
Iteration,0,236,465.938474,1.942333
Iteration,0,237,467.881605,1.943131
Iteration,0,238,469.824161,1.942556
Iteration,0,239,471.798527,1.974366
Iteration,0,240,473.756470,1.957943
Iteration,0,241,475.700477,1.944007
Iteration,0,242,477.659168,1.958691
Iteration,0,243,479.629228,1.970060
Iteration,0,244,481.579371,1.950143
Iteration,0,245,483.535558,1.956187
Iteration,0,246,485.500194,1.964636
Iteration,0,247,487.451488,1.951294
Iteration,0,248,489.401355,1.949867
Iteration,0,249,491.339827,1.938472
Iteration,0,250,493.287802,1.947975
Iteration,0,251,495.235290,1.947488
Iteration,0,252,497.197289,1.961999
Iteration,0,253,499.133860,1.936571
Iteration,0,254,501.087103,1.953243
Iteration,0,255,503.041682,1.954579
Iteration,0,256,504.983723,1.942041
Iteration,0,257,506.933792,1.950069
Iteration,0,258,508.880987,1.947195
Iteration,0,259,510.831096,1.950109
Iteration,0,260,512.790321,1.959225
Iteration,0,261,514.747449,1.957128
Iteration,0,262,516.709033,1.961584
Iteration,0,263,518.655045,1.946012
Iteration,0,264,520.592597,1.937552
Iteration,0,265,522.536389,1.943792
Iteration,0,266,524.473780,1.937391
Iteration,0,267,526.423905,1.950125
Iteration,0,268,528.371025,1.947120
Iteration,0,269,530.319302,1.948277
Iteration,0,270,532.277454,1.958152
Iteration,0,271,534.232487,1.955033
Iteration,0,272,536.174210,1.941723
Iteration,0,273,538.136439,1.962229
Iteration,0,274,540.085633,1.949194
Iteration,0,275,542.039905,1.954272
Iteration,0,276,544.005115,1.965210
Iteration,0,277,545.968570,1.963455
Iteration,0,278,547.925832,1.957262
Iteration,0,279,549.875154,1.949322
Iteration,0,280,551.808734,1.933580
Iteration,0,281,553.760837,1.952103
Iteration,0,282,555.701885,1.941048
Iteration,0,283,557.646028,1.944143
Iteration,0,284,559.593706,1.947678
Iteration,0,285,561.541824,1.948118
Iteration,0,286,563.494657,1.952833
Iteration,0,287,565.451584,1.956927
Iteration,0,288,567.392868,1.941284
Iteration,0,289,569.341509,1.948641
Iteration,0,290,571.289867,1.948358
Iteration,0,291,573.241659,1.951792
Iteration,0,292,575.193655,1.951996
Iteration,0,293,577.157526,1.963871
Iteration,0,294,579.112743,1.955217
Iteration,0,295,581.056152,1.943409
Iteration,0,296,582.999330,1.943178
Iteration,0,297,584.944210,1.944880
Iteration,0,298,586.887013,1.942803
Iteration,0,299,588.836151,1.949138
Iteration,0,300,590.777407,1.941256
Iteration,0,301,592.739415,1.962008
Iteration,0,302,594.680091,1.940676
Iteration,0,303,596.633755,1.953664
Iteration,0,304,598.597990,1.964235
Iteration,0,305,600.580144,1.982154
Iteration,0,306,602.534962,1.954818
Iteration,0,307,604.482690,1.947728
Iteration,0,308,606.436814,1.954124
Iteration,0,309,608.388853,1.952039
Iteration,0,310,610.343162,1.954309
Iteration,0,311,612.296906,1.953744
Iteration,0,312,614.258972,1.962066
Iteration,0,313,616.203081,1.944109
Iteration,0,314,618.158933,1.955852
Iteration,0,315,620.094133,1.935200
Iteration,0,316,622.031895,1.937762
Iteration,0,317,623.964086,1.932191
Iteration,0,318,625.897609,1.933523
Iteration,0,319,627.847435,1.949826
Iteration,0,320,629.819989,1.972554
Iteration,0,321,631.780202,1.960213
Iteration,0,322,633.720718,1.940516
Iteration,0,323,635.685791,1.965073
Iteration,0,324,637.644545,1.958754
Iteration,0,325,639.616472,1.971927
Iteration,0,326,641.576647,1.960175
Iteration,0,327,643.537148,1.960501
Iteration,0,328,645.516298,1.979150
Iteration,0,329,647.468484,1.952186
Iteration,0,330,649.418366,1.949882
Iteration,0,331,651.377403,1.959037
Iteration,0,332,653.333517,1.956114
Iteration,0,333,655.278995,1.945478
Iteration,0,334,657.236555,1.957560
Iteration,0,335,659.210870,1.974315
Iteration,0,336,661.173016,1.962146
Iteration,0,337,663.145172,1.972156
Iteration,0,338,665.103726,1.958554
Iteration,0,339,667.075046,1.971320
Iteration,0,340,669.043546,1.968500
Iteration,0,341,671.011333,1.967787
Iteration,0,342,672.958702,1.947369
Iteration,0,343,674.931286,1.972584
Iteration,0,344,676.895553,1.964267
Iteration,0,345,678.866928,1.971375
Iteration,0,346,680.810174,1.943246
Iteration,0,347,682.752267,1.942093
Iteration,0,348,684.686958,1.934691
Iteration,0,349,686.619752,1.932794
Iteration,0,350,688.562427,1.942675
Iteration,0,351,690.498713,1.936286
Iteration,0,352,692.444953,1.946240
Iteration,0,353,694.389040,1.944087
Iteration,0,354,696.342576,1.953536
Iteration,0,355,698.299129,1.956553
Iteration,0,356,700.269517,1.970388
Iteration,0,357,702.216007,1.946490
Iteration,0,358,704.169991,1.953984
Iteration,0,359,706.118684,1.948693
Iteration,0,360,708.095011,1.976327
Iteration,0,361,710.046455,1.951444
Iteration,0,362,712.011315,1.964860
Iteration,0,363,713.951462,1.940147
Iteration,0,364,715.892586,1.941124
Iteration,0,365,717.842300,1.949714
Iteration,0,366,719.809270,1.966970
Iteration,0,367,721.760931,1.951661
Iteration,0,368,723.705044,1.944113
Iteration,0,369,725.656032,1.950988
Iteration,0,370,727.600715,1.944683
Iteration,0,371,729.553570,1.952855
Iteration,0,372,731.501598,1.948028
Iteration,0,373,733.450470,1.948872
Iteration,0,374,735.416408,1.965938
Iteration,0,375,737.361085,1.944677
Iteration,0,376,739.308613,1.947528
Iteration,0,377,741.251982,1.943369
Iteration,0,378,743.189898,1.937916
Iteration,0,379,745.133934,1.944036
Iteration,0,380,747.090935,1.957001
Iteration,0,381,749.033957,1.943022
Iteration,0,382,750.975171,1.941214
Iteration,0,383,752.919234,1.944063
Iteration,0,384,754.863836,1.944602
Iteration,0,385,756.825988,1.962152
Iteration,0,386,758.765032,1.939044
Iteration,0,387,760.722341,1.957309
Iteration,0,388,762.671911,1.949570
Iteration,0,389,764.622367,1.950456
Iteration,0,390,766.564393,1.942026
Iteration,0,391,768.518337,1.953944
Iteration,0,392,770.483602,1.965265
Iteration,0,393,772.433306,1.949704
Iteration,0,394,774.393077,1.959771
Iteration,0,395,776.341768,1.948691
Iteration,0,396,778.306670,1.964902
Iteration,0,397,780.246718,1.940048
Iteration,0,398,782.189104,1.942386
Iteration,0,399,784.131600,1.942496
