Iteration,0,1,16.589898,6.439268
Iteration,0,2,23.025058,6.435160
Iteration,0,3,29.377664,6.352606
Iteration,0,4,35.721910,6.344246
Iteration,0,5,41.883369,6.161459
Iteration,0,6,48.185022,6.301653
Iteration,0,7,54.322799,6.137777
Iteration,0,8,60.586611,6.263812
Iteration,0,9,66.728667,6.142056
Iteration,0,10,72.902375,6.173708
Iteration,0,11,78.895209,5.992834
Iteration,0,12,85.006053,6.110844
Iteration,0,13,91.206354,6.200301
Iteration,0,14,97.221278,6.014924
Iteration,0,15,103.309074,6.087796
Iteration,0,16,109.366687,6.057613
Iteration,0,17,115.457509,6.090822
Iteration,0,18,121.462097,6.004588
Iteration,0,19,127.514533,6.052436
Iteration,0,20,133.636037,6.121504
Iteration,0,21,139.647140,6.011103
Iteration,0,22,145.724290,6.077150
Iteration,0,23,151.698642,5.974352
Iteration,0,24,157.672543,5.973901
Iteration,0,25,163.712913,6.040370
Iteration,0,26,169.791003,6.078090
Iteration,0,27,175.829177,6.038174
Iteration,0,28,181.827795,5.998618
Iteration,0,29,187.803853,5.976058
Iteration,0,30,193.775481,5.971628
Iteration,0,31,199.830724,6.055243
Iteration,0,32,205.838814,6.008090
Iteration,0,33,211.909618,6.070804
Iteration,0,34,217.918730,6.009112
Iteration,0,35,223.888957,5.970227
Iteration,0,36,229.862131,5.973174
Iteration,0,37,235.839183,5.977052
Iteration,0,38,241.932713,6.093530
Iteration,0,39,247.937657,6.004944
Iteration,0,40,253.878036,5.940379
Iteration,0,41,259.924727,6.046691
Iteration,0,42,265.938152,6.013425
Iteration,0,43,272.045673,6.107521
Iteration,0,44,278.029338,5.983665
Iteration,0,45,284.033323,6.003985
Iteration,0,46,290.116351,6.083028
Iteration,0,47,296.150156,6.033805
Iteration,0,48,302.191704,6.041548
Iteration,0,49,308.194206,6.002502
Iteration,0,50,314.200362,6.006156
Iteration,0,51,320.221418,6.021056
Iteration,0,52,326.175678,5.954260
Iteration,0,53,332.214694,6.039016
Iteration,0,54,338.188728,5.974034
Iteration,0,55,344.103196,5.914468
Iteration,0,56,350.061482,5.958286
Iteration,0,57,356.053255,5.991773
Iteration,0,58,362.047324,5.994069
Iteration,0,59,368.080328,6.033004
Iteration,0,60,374.142609,6.062281
Iteration,0,61,380.147182,6.004573
Iteration,0,62,386.048003,5.900821
Iteration,0,63,391.979802,5.931799
Iteration,0,64,398.030510,6.050708
Iteration,0,65,403.890427,5.859917
Iteration,0,66,409.868072,5.977645
Iteration,0,67,415.809394,5.941322
Iteration,0,68,421.627454,5.818060
Iteration,0,69,427.517112,5.889658
Iteration,0,70,433.455391,5.938279
Iteration,0,71,439.346467,5.891076
Iteration,0,72,445.195271,5.848804
Iteration,0,73,451.045796,5.850525
Iteration,0,74,456.897779,5.851983
Iteration,0,75,462.742244,5.844465
Iteration,0,76,468.603389,5.861145
Iteration,0,77,474.541465,5.938076
Iteration,0,78,480.435796,5.894331
Iteration,0,79,486.324177,5.888381
Iteration,0,80,492.234920,5.910743
Iteration,0,81,498.080844,5.845924
Iteration,0,82,503.996688,5.915844
Iteration,0,83,509.881335,5.884647
Iteration,0,84,515.732034,5.850699
Iteration,0,85,521.550645,5.818611
Iteration,0,86,527.407056,5.856411
Iteration,0,87,533.259721,5.852665
Iteration,0,88,539.142737,5.883016
Iteration,0,89,545.020595,5.877858
Iteration,0,90,550.872079,5.851484
Iteration,0,91,556.797130,5.925051
Iteration,0,92,562.872117,6.074987
Iteration,0,93,569.014153,6.142036
Iteration,0,94,574.916697,5.902544
Iteration,0,95,580.784336,5.867639
Iteration,0,96,586.697668,5.913332
Iteration,0,97,592.567146,5.869478
Iteration,0,98,598.462281,5.895135
Iteration,0,99,604.400528,5.938247
Iteration,0,100,610.232250,5.831722
Iteration,0,101,616.131595,5.899345
Iteration,0,102,622.132166,6.000571
Iteration,0,103,627.966683,5.834517
Iteration,0,104,633.856809,5.890126
Iteration,0,105,639.688839,5.832030
Iteration,0,106,645.542148,5.853309
Iteration,0,107,651.413441,5.871293
Iteration,0,108,657.350853,5.937412
Iteration,0,109,663.261104,5.910251
Iteration,0,110,669.093599,5.832495
Iteration,0,111,674.987216,5.893617
Iteration,0,112,681.003132,6.015916
Iteration,0,113,686.841619,5.838487
Iteration,0,114,692.725437,5.883818
Iteration,0,115,698.587934,5.862497
Iteration,0,116,704.422701,5.834767
Iteration,0,117,710.321550,5.898849
Iteration,0,118,716.323948,6.002398
Iteration,0,119,722.154480,5.830532
Iteration,0,120,728.105966,5.951486
Iteration,0,121,733.986323,5.880357
Iteration,0,122,739.864912,5.878589
Iteration,0,123,745.752649,5.887737
Iteration,0,124,751.659268,5.906619
Iteration,0,125,757.522317,5.863049
Iteration,0,126,763.342930,5.820613
Iteration,0,127,769.181860,5.838930
Iteration,0,128,775.123995,5.942135
Iteration,0,129,780.952891,5.828896
Iteration,0,130,786.830713,5.877822
Iteration,0,131,792.745389,5.914676
Iteration,0,132,798.579009,5.833620
Iteration,0,133,804.521963,5.942954
Iteration,0,134,810.441591,5.919628
Iteration,0,135,816.325903,5.884312
Iteration,0,136,822.142054,5.816151
Iteration,0,137,827.996550,5.854496
Iteration,0,138,833.846263,5.849713
Iteration,0,139,839.729224,5.882961
Iteration,0,140,845.607430,5.878206
Iteration,0,141,851.488744,5.881314
Iteration,0,142,857.311259,5.822515
Iteration,0,143,863.283059,5.971800
Iteration,0,144,869.143531,5.860472
Iteration,0,145,874.991807,5.848276
Iteration,0,146,880.808427,5.816620
Iteration,0,147,886.671801,5.863374
Iteration,0,148,892.522842,5.851041
Iteration,0,149,898.402841,5.879999
Iteration,0,150,904.328120,5.925279
Iteration,0,151,910.144852,5.816732
Iteration,0,152,916.025816,5.880964
Iteration,0,153,921.935245,5.909429
Iteration,0,154,927.752796,5.817551
Iteration,0,155,933.605966,5.853170
Iteration,0,156,939.454444,5.848478
Iteration,0,157,945.276065,5.821621
Iteration,0,158,951.154528,5.878463
Iteration,0,159,957.031274,5.876746
Iteration,0,160,962.920216,5.888942
Iteration,0,161,968.807998,5.887782
Iteration,0,162,974.701203,5.893205
Iteration,0,163,980.606301,5.905098
Iteration,0,164,986.439692,5.833391
Iteration,0,165,992.311480,5.871788
Iteration,0,166,998.180230,5.868750
Iteration,0,167,1004.015845,5.835615
Iteration,0,168,1009.899352,5.883507
Iteration,0,169,1015.869854,5.970502
Iteration,0,170,1021.701284,5.831430
Iteration,0,171,1027.595896,5.894612
Iteration,0,172,1033.485856,5.889960
Iteration,0,173,1039.316136,5.830280
Iteration,0,174,1045.238444,5.922308
Iteration,0,175,1051.118383,5.879939
Iteration,0,176,1057.014276,5.895893
Iteration,0,177,1062.912463,5.898187
Iteration,0,178,1068.791977,5.879514
Iteration,0,179,1074.730527,5.938550
Iteration,0,180,1080.562513,5.831986
Iteration,0,181,1086.499125,5.936612
Iteration,0,182,1092.536406,6.037281
Iteration,0,183,1098.367817,5.831411
Iteration,0,184,1104.272211,5.904394
Iteration,0,185,1110.162718,5.890507
Iteration,0,186,1116.035930,5.873212
Iteration,0,187,1121.867436,5.831506
Iteration,0,188,1127.739265,5.871829
Iteration,0,189,1133.608294,5.869029
Iteration,0,190,1139.516215,5.907921
Iteration,0,191,1145.418099,5.901884
Iteration,0,192,1151.248693,5.830594
Iteration,0,193,1157.144606,5.895913
Iteration,0,194,1163.072254,5.927648
Iteration,0,195,1168.957065,5.884811
Iteration,0,196,1174.820967,5.863902
Iteration,0,197,1180.650809,5.829842
Iteration,0,198,1186.590363,5.939554
Iteration,0,199,1192.494580,5.904217
