Iteration,0,1,15.953955,6.285263
Iteration,0,2,22.027372,6.073417
Iteration,0,3,28.072513,6.045141
Iteration,0,4,33.900875,5.828362
Iteration,0,5,39.873247,5.972372
Iteration,0,6,45.682673,5.809426
Iteration,0,7,51.590190,5.907517
Iteration,0,8,57.721560,6.131370
Iteration,0,9,63.568183,5.846623
Iteration,0,10,69.433669,5.865486
Iteration,0,11,75.132291,5.698622
Iteration,0,12,80.891652,5.759361
Iteration,0,13,86.713528,5.821876
Iteration,0,14,92.474407,5.760879
Iteration,0,15,98.162955,5.688548
Iteration,0,16,103.934962,5.772007
Iteration,0,17,109.730737,5.795775
Iteration,0,18,115.450747,5.720010
Iteration,0,19,121.249849,5.799102
Iteration,0,20,127.799808,6.549959
Iteration,0,21,133.488443,5.688635
Iteration,0,22,139.235443,5.747000
Iteration,0,23,144.965556,5.730113
Iteration,0,24,150.685433,5.719877
Iteration,0,25,156.417158,5.731725
Iteration,0,26,162.101313,5.684155
Iteration,0,27,167.786522,5.685209
Iteration,0,28,173.491195,5.704673
Iteration,0,29,179.242338,5.751143
Iteration,0,30,184.896500,5.654162
Iteration,0,31,190.613834,5.717334
Iteration,0,32,196.332632,5.718798
Iteration,0,33,202.102174,5.769542
Iteration,0,34,207.757390,5.655216
Iteration,0,35,213.439372,5.681982
Iteration,0,36,219.124199,5.684827
Iteration,0,37,224.811047,5.686848
Iteration,0,38,230.502467,5.691420
Iteration,0,39,236.223844,5.721377
Iteration,0,40,241.953338,5.729494
Iteration,0,41,247.608134,5.654796
Iteration,0,42,253.326953,5.718819
Iteration,0,43,259.049273,5.722320
Iteration,0,44,264.706190,5.656917
Iteration,0,45,270.389579,5.683389
Iteration,0,46,276.074210,5.684631
Iteration,0,47,281.732741,5.658531
Iteration,0,48,287.410632,5.677891
Iteration,0,49,293.840631,6.429999
Iteration,0,50,299.494655,5.654024
Iteration,0,51,305.209944,5.715289
Iteration,0,52,310.950155,5.740211
Iteration,0,53,316.604213,5.654058
Iteration,0,54,322.322253,5.718040
Iteration,0,55,328.023868,5.701615
Iteration,0,56,333.708548,5.684680
Iteration,0,57,339.361853,5.653305
Iteration,0,58,345.051660,5.689807
Iteration,0,59,350.741846,5.690186
Iteration,0,60,356.461622,5.719776
Iteration,0,61,362.194307,5.732685
Iteration,0,62,368.181513,5.987206
Iteration,0,63,374.050120,5.868607
Iteration,0,64,379.787075,5.736955
Iteration,0,65,385.512514,5.725439
Iteration,0,66,391.242060,5.729546
Iteration,0,67,396.929529,5.687469
Iteration,0,68,402.590183,5.660654
Iteration,0,69,408.282612,5.692429
Iteration,0,70,414.143913,5.861301
Iteration,0,71,419.867890,5.723977
Iteration,0,72,425.595807,5.727917
Iteration,0,73,431.712202,6.116395
Iteration,0,74,437.410751,5.698549
Iteration,0,75,443.180596,5.769845
Iteration,0,76,448.997809,5.817213
Iteration,0,77,454.745367,5.747558
Iteration,0,78,460.521785,5.776418
Iteration,0,79,466.216499,5.694714
Iteration,0,80,471.909105,5.692606
Iteration,0,81,477.646393,5.737288
Iteration,0,82,483.373187,5.726794
Iteration,0,83,489.441106,6.067919
Iteration,0,84,495.174269,5.733163
Iteration,0,85,500.981139,5.806870
Iteration,0,86,506.637989,5.656850
Iteration,0,87,512.321875,5.683886
Iteration,0,88,518.029827,5.707952
Iteration,0,89,523.689524,5.659697
Iteration,0,90,529.413890,5.724366
Iteration,0,91,535.154455,5.740565
Iteration,0,92,540.809990,5.655535
Iteration,0,93,546.531587,5.721597
Iteration,0,94,552.249903,5.718316
Iteration,0,95,557.905124,5.655221
Iteration,0,96,563.670996,5.765872
Iteration,0,97,569.414227,5.743231
Iteration,0,98,575.101116,5.686889
Iteration,0,99,580.779148,5.678032
Iteration,0,100,586.486057,5.706909
Iteration,0,101,592.197235,5.711178
Iteration,0,102,598.344730,6.147495
Iteration,0,103,604.072602,5.727872
Iteration,0,104,609.737181,5.664579
Iteration,0,105,615.603239,5.866058
Iteration,0,106,621.380852,5.777613
Iteration,0,107,627.139304,5.758452
Iteration,0,108,633.171900,6.032596
Iteration,0,109,638.827322,5.655422
Iteration,0,110,645.008604,6.181282
Iteration,0,111,650.768255,5.759651
Iteration,0,112,656.491326,5.723071
Iteration,0,113,662.246747,5.755421
Iteration,0,114,667.942838,5.696091
Iteration,0,115,673.679024,5.736186
Iteration,0,116,679.464585,5.785561
Iteration,0,117,685.137872,5.673287
Iteration,0,118,690.860933,5.723061
Iteration,0,119,696.548480,5.687547
Iteration,0,120,702.208804,5.660324
Iteration,0,121,707.890414,5.681610
Iteration,0,122,713.657714,5.767300
Iteration,0,123,719.314578,5.656864
Iteration,0,124,725.067882,5.753304
Iteration,0,125,730.906971,5.839089
Iteration,0,126,736.578965,5.671994
Iteration,0,127,742.337714,5.758749
Iteration,0,128,748.216866,5.879152
Iteration,0,129,753.928404,5.711538
Iteration,0,130,759.608588,5.680184
Iteration,0,131,765.298503,5.689915
Iteration,0,132,770.992666,5.694163
Iteration,0,133,776.749668,5.757002
Iteration,0,134,782.533437,5.783769
Iteration,0,135,788.190837,5.657400
Iteration,0,136,793.947106,5.756269
Iteration,0,137,799.690602,5.743496
Iteration,0,138,805.447319,5.756717
Iteration,0,139,811.133449,5.686130
Iteration,0,140,816.844670,5.711221
Iteration,0,141,822.505388,5.660718
Iteration,0,142,828.201415,5.696027
Iteration,0,143,833.974308,5.772893
Iteration,0,144,839.631398,5.657090
Iteration,0,145,845.354454,5.723056
Iteration,0,146,851.088537,5.734083
Iteration,0,147,856.744600,5.656063
Iteration,0,148,862.479836,5.735236
Iteration,0,149,868.178009,5.698173
Iteration,0,150,874.279358,6.101349
Iteration,0,151,879.986412,5.707054
Iteration,0,152,885.844628,5.858216
Iteration,0,153,891.571414,5.726786
Iteration,0,154,897.290505,5.719091
Iteration,0,155,903.056098,5.765593
Iteration,0,156,908.937216,5.881118
Iteration,0,157,914.666482,5.729266
Iteration,0,158,920.847128,6.180646
Iteration,0,159,926.556046,5.708918
Iteration,0,160,932.376282,5.820236
Iteration,0,161,938.155008,5.778726
Iteration,0,162,943.882666,5.727658
Iteration,0,163,949.706666,5.824000
Iteration,0,164,955.449527,5.742861
Iteration,0,165,961.192680,5.743153
Iteration,0,166,966.918415,5.725735
Iteration,0,167,972.648468,5.730053
Iteration,0,168,978.304840,5.656372
Iteration,0,169,984.052515,5.747675
Iteration,0,170,989.770610,5.718095
Iteration,0,171,995.466533,5.695923
Iteration,0,172,1001.130782,5.664249
Iteration,0,173,1006.823945,5.693163
Iteration,0,174,1012.526541,5.702596
Iteration,0,175,1018.446809,5.920268
Iteration,0,176,1024.260733,5.813924
Iteration,0,177,1029.941693,5.680960
Iteration,0,178,1035.664230,5.722537
Iteration,0,179,1041.406207,5.741977
Iteration,0,180,1047.060505,5.654298
Iteration,0,181,1052.798733,5.738228
Iteration,0,182,1058.487054,5.688321
Iteration,0,183,1064.147583,5.660529
Iteration,0,184,1069.872314,5.724731
Iteration,0,185,1075.616862,5.744548
Iteration,0,186,1081.273543,5.656681
Iteration,0,187,1086.996248,5.722705
Iteration,0,188,1092.711947,5.715699
Iteration,0,189,1098.365072,5.653125
Iteration,0,190,1104.128409,5.763337
Iteration,0,191,1109.841491,5.713082
Iteration,0,192,1115.526243,5.684752
Iteration,0,193,1121.180153,5.653910
Iteration,0,194,1126.872864,5.692711
Iteration,0,195,1132.561131,5.688267
Iteration,0,196,1138.283898,5.722767
Iteration,0,197,1143.997857,5.713959
Iteration,0,198,1149.652050,5.654193
Iteration,0,199,1155.374570,5.722520
