Iteration,0,1,3.634325,1.387538
Iteration,0,2,5.020434,1.386109
Iteration,0,3,6.385913,1.365479
Iteration,0,4,7.704104,1.318191
Iteration,0,5,9.058104,1.354000
Iteration,0,6,10.375545,1.317441
Iteration,0,7,11.730139,1.354594
Iteration,0,8,13.053719,1.323580
Iteration,0,9,14.352479,1.298760
Iteration,0,10,15.695713,1.343234
Iteration,0,11,16.990319,1.294606
Iteration,0,12,18.301928,1.311609
Iteration,0,13,19.598779,1.296851
Iteration,0,14,20.941249,1.342470
Iteration,0,15,22.234336,1.293087
Iteration,0,16,23.548611,1.314275
Iteration,0,17,24.846295,1.297684
Iteration,0,18,26.142236,1.295941
Iteration,0,19,27.523719,1.381483
Iteration,0,20,28.854950,1.331231
Iteration,0,21,30.141473,1.286523
Iteration,0,22,31.451810,1.310337
Iteration,0,23,32.749735,1.297925
Iteration,0,24,34.036120,1.286385
Iteration,0,25,35.323849,1.287729
Iteration,0,26,36.672828,1.348979
Iteration,0,27,37.967345,1.294517
Iteration,0,28,39.259278,1.291933
Iteration,0,29,40.571508,1.312230
Iteration,0,30,41.870277,1.298769
Iteration,0,31,43.156405,1.286128
Iteration,0,32,44.444269,1.287864
Iteration,0,33,45.730667,1.286398
Iteration,0,34,47.074863,1.344196
Iteration,0,35,48.369813,1.294950
Iteration,0,36,49.656608,1.286795
Iteration,0,37,50.943647,1.287039
Iteration,0,38,52.229998,1.286351
Iteration,0,39,53.550647,1.320649
Iteration,0,40,54.848029,1.297382
Iteration,0,41,56.139633,1.291604
Iteration,0,42,57.432675,1.293042
Iteration,0,43,59.112240,1.679565
Iteration,0,44,61.022080,1.909840
Iteration,0,45,62.498345,1.476265
Iteration,0,46,63.790959,1.292614
Iteration,0,47,65.079926,1.288967
Iteration,0,48,66.371306,1.291380
Iteration,0,49,67.666856,1.295550
Iteration,0,50,68.959043,1.292187
Iteration,0,51,70.272688,1.313645
Iteration,0,52,71.586132,1.313444
Iteration,0,53,72.881426,1.295294
Iteration,0,54,74.174140,1.292714
Iteration,0,55,75.475390,1.301250
Iteration,0,56,76.761918,1.286528
Iteration,0,57,78.069563,1.307645
Iteration,0,58,79.355663,1.286100
Iteration,0,59,80.692789,1.337126
Iteration,0,60,81.988683,1.295894
Iteration,0,61,83.276261,1.287578
Iteration,0,62,84.562584,1.286323
Iteration,0,63,85.848927,1.286343
Iteration,0,64,87.135882,1.286955
Iteration,0,65,88.423661,1.287779
Iteration,0,66,89.716367,1.292706
Iteration,0,67,91.002618,1.286251
Iteration,0,68,92.312846,1.310228
Iteration,0,69,93.610229,1.297383
Iteration,0,70,94.896817,1.286588
Iteration,0,71,96.183774,1.286957
Iteration,0,72,97.489047,1.305273
Iteration,0,73,98.801888,1.312841
Iteration,0,74,100.088344,1.286456
Iteration,0,75,101.376100,1.287756
Iteration,0,76,102.675818,1.299718
Iteration,0,77,104.155432,1.479614
Iteration,0,78,105.747042,1.591610
Iteration,0,79,107.046370,1.299328
Iteration,0,80,108.333308,1.286938
Iteration,0,81,109.619623,1.286315
Iteration,0,82,110.907170,1.287547
Iteration,0,83,112.193324,1.286154
Iteration,0,84,113.487871,1.294547
Iteration,0,85,114.811536,1.323665
Iteration,0,86,116.134946,1.323410
Iteration,0,87,117.437453,1.302507
Iteration,0,88,118.723884,1.286431
Iteration,0,89,120.038494,1.314610
Iteration,0,90,121.336078,1.297584
Iteration,0,91,122.623197,1.287119
Iteration,0,92,123.909740,1.286543
Iteration,0,93,125.196322,1.286582
Iteration,0,94,126.517430,1.321108
Iteration,0,95,127.840798,1.323368
Iteration,0,96,129.170231,1.329433
Iteration,0,97,130.456684,1.286453
Iteration,0,98,131.744244,1.287560
Iteration,0,99,133.030952,1.286708
Iteration,0,100,134.316878,1.285926
Iteration,0,101,135.604278,1.287400
Iteration,0,102,136.890860,1.286582
Iteration,0,103,138.256507,1.365647
Iteration,0,104,139.550087,1.293580
Iteration,0,105,140.838431,1.288344
Iteration,0,106,142.124447,1.286016
Iteration,0,107,143.411772,1.287325
Iteration,0,108,144.698235,1.286463
Iteration,0,109,145.984427,1.286192
Iteration,0,110,147.271449,1.287022
Iteration,0,111,148.557677,1.286228
Iteration,0,112,149.846373,1.288696
Iteration,0,113,151.132783,1.286410
Iteration,0,114,152.418782,1.285999
Iteration,0,115,153.706034,1.287252
Iteration,0,116,154.992150,1.286116
Iteration,0,117,156.309741,1.317591
Iteration,0,118,157.607639,1.297898
Iteration,0,119,158.895368,1.287729
Iteration,0,120,160.181896,1.286528
Iteration,0,121,161.468640,1.286744
Iteration,0,122,162.755807,1.287167
Iteration,0,123,164.042080,1.286273
Iteration,0,124,165.337814,1.295734
Iteration,0,125,166.624248,1.286434
Iteration,0,126,167.911207,1.286959
Iteration,0,127,169.197758,1.286551
Iteration,0,128,170.483787,1.286029
Iteration,0,129,171.771034,1.287247
Iteration,0,130,173.057591,1.286557
Iteration,0,131,174.345124,1.287533
Iteration,0,132,175.631335,1.286211
Iteration,0,133,176.918651,1.287316
Iteration,0,134,178.353454,1.434803
Iteration,0,135,180.397061,2.043607
Iteration,0,136,182.009520,1.612459
Iteration,0,137,183.296792,1.287272
Iteration,0,138,184.583004,1.286212
Iteration,0,139,185.870577,1.287573
Iteration,0,140,187.156836,1.286259
Iteration,0,141,188.442787,1.285951
Iteration,0,142,189.730203,1.287416
Iteration,0,143,191.016522,1.286319
Iteration,0,144,192.304242,1.287720
Iteration,0,145,193.590934,1.286692
Iteration,0,146,194.878166,1.287232
Iteration,0,147,196.164181,1.286015
Iteration,0,148,197.450977,1.286796
Iteration,0,149,198.752128,1.301151
Iteration,0,150,200.038107,1.285979
Iteration,0,151,201.329705,1.291598
Iteration,0,152,202.616047,1.286342
Iteration,0,153,203.932726,1.316679
Iteration,0,154,205.230571,1.297845
Iteration,0,155,206.516681,1.286110
Iteration,0,156,207.803996,1.287315
Iteration,0,157,209.090496,1.286500
Iteration,0,158,210.378638,1.288142
Iteration,0,159,211.664937,1.286299
Iteration,0,160,212.952626,1.287689
Iteration,0,161,214.238900,1.286274
Iteration,0,162,215.525107,1.286207
Iteration,0,163,216.812221,1.287114
Iteration,0,164,218.098757,1.286536
Iteration,0,165,219.386308,1.287551
Iteration,0,166,220.672682,1.286374
Iteration,0,167,221.960237,1.287555
Iteration,0,168,223.246689,1.286452
Iteration,0,169,224.532661,1.285972
Iteration,0,170,225.819856,1.287195
Iteration,0,171,227.105932,1.286076
Iteration,0,172,228.393491,1.287559
Iteration,0,173,229.680213,1.286722
Iteration,0,174,230.967299,1.287086
Iteration,0,175,232.253476,1.286177
Iteration,0,176,233.540221,1.286745
Iteration,0,177,234.888284,1.348063
Iteration,0,178,236.174563,1.286279
Iteration,0,179,237.462397,1.287834
Iteration,0,180,238.748768,1.286371
Iteration,0,181,240.036075,1.287307
Iteration,0,182,241.322890,1.286815
Iteration,0,183,242.608753,1.285863
Iteration,0,184,243.896011,1.287258
Iteration,0,185,245.182658,1.286647
Iteration,0,186,246.470496,1.287838
Iteration,0,187,247.756951,1.286455
Iteration,0,188,249.044236,1.287285
Iteration,0,189,250.518108,1.473872
Iteration,0,190,252.490904,1.972796
Iteration,0,191,254.061361,1.570457
Iteration,0,192,255.348911,1.287550
Iteration,0,193,256.634948,1.286037
Iteration,0,194,257.921340,1.286392
Iteration,0,195,259.223263,1.301923
Iteration,0,196,260.509501,1.286238
Iteration,0,197,261.797447,1.287946
Iteration,0,198,263.083763,1.286316
Iteration,0,199,264.394676,1.310913
